select 0
OK
game_start
lbs 0
tit Mago 
fd 7174539 0 50 1
fd 7174539 27 50 1
c_close 1
equip 77 87 0.4965.7.7.0.3 1.4950.7.8.0.0 2.4975.0.0.0.0 3.4038.0.6.0.0 4.4043.0.6.0.0 5.4962.7.4.0.0 6.4835.0.0.0.0 7.4836.0.0.0.0 8.4837.0.0.0.0 9.4846.0.0.0.0 10.4129.0.0.0.0 12.4502.0.13.21.0 13.8206.0.0.0.0 14.4365.0.0.0.0 15.4373.0.0.0.0 16.4443.0.0.0.0
lev 99 0 80 1085 2140719000 790000 7174539 4 8949636 40 15684900 0
stat 17690 22260 24467 24467 0 74784
ski 260 261 260 261 262 263 265 266 267 268 270 271 272 273 274 275 277 237 695|3 21 26 30 38 42 46 50 53 58 60 90 94 96 97 98 99 100 111 112 103 104 105 370 371 372 374 376 380 381 382 383 284 285 287 288 289 290 291 294
cond 1 538316 0 0 12
at 538316 2634 77 131 2 0 114 1 -1
c_map 0 2634 1
sc 2 7 1154 1267 143 0 0 1 4 1067 1163 972 13 210 8 636 788 726 778 797 76 104 76 104
cond 1 538316 0 0 12
pairy 1 538316 4 1 85 40
rsfi 7 1 10 10 10 10
rage 0 250000
rank_cool 0 0 18000
sp 908184 1000000 6503 10000
scr 24 2 31 0 0 0 0
bn 0 El^equipo^de^Nostale^nunca^te^pedirá^la^contraseña
bn 1 Soporte^de^Nostale:^http://support.nostale.org
bn 2 Visita^nuestro^foro:^http://board.nostale.org
bn 3 Desde^el^foro^tendrás^un^acceso^al^irc
bn 4 ¿Quieres^ser^GM?Revisa^el^foro^para^más^información
bn 5 No^visites^páginas^de^usuarios^ofreciendo^Nos$
bn 6 ¿Asuntos^de^pago?^Visita^https://billing.gameforge.com/
bn 7 Reglas^del^juego:^Visita^el^foro^>^Noticias
bn 8 Los^jugadores^que^compren^oro^serán^baneados
bn 9 El^equipo^de^Nostale^nunca^te^pedirá^la^contraseña
evtb 0 0 0 0 0 0 1 1 1 1 0 0
exts 0 120 120 120
mlinfo 3800 2000 100 0 2701 10 0 Melodía^de^primavera LISTEN^TO^THE^STEREO!!^TONIGHT!^TONIGHT!^TONIGHT!
cond 2 173794 0 0 8
cond 2 173794 0 0 8
cond 2 173793 0 0 10
cond 2 173793 0 0 10
cond 2 173792 0 0 10
cond 2 173792 0 0 10
cond 2 173791 0 0 8
cond 2 173791 0 0 8
cond 2 173790 0 0 8
cond 2 173790 0 0 8
cond 2 173789 0 0 11
cond 2 173789 0 0 11
cond 2 173788 0 0 10
cond 2 173788 0 0 10
cond 2 173787 0 0 6
cond 2 173787 0 0 6
cond 2 173786 0 0 11
cond 2 173786 0 0 11
cond 2 173786 0 0 11
cond 2 173786 0 0 11
sc_n 3 2618 173786 94 1000 226485876 990.5.4 997.6.4 -1 -1 0 0 0 4 819 899 617 12 200 4 599 571 473 571 334 2 0 0 0 0 26570 30570 3503 3503 0 291503800 Ragnar 2703 1 4818.100 1292.5 1293.6 1294.7
sc_n 3 2618 173786 94 1000 226485876 990.5.4 997.6.4 -1 -1 0 0 0 4 819 899 617 12 200 4 599 571 473 571 334 2 5 5 5 5 26570 26570 3503 3503 0 291503800 Ragnar 2703 1 4818.100 1292.5 1293.6 1294.7
cond 2 173786 0 0 11
sc_n 3 2618 173786 94 1000 226485876 990.5.4 997.6.4 -1 -1 0 0 0 4 819 899 617 12 200 4 599 571 473 571 334 2 0 0 0 0 26570 30570 3503 3503 0 291503800 Ragnar 2703 1 4818.100 1292.5 1293.6 1294.7
cond 2 173785 0 0 9
cond 2 173785 0 0 9
cond 2 173784 0 0 11
cond 2 173784 0 0 11
cond 2 173783 0 0 10
cond 2 173783 0 0 10
cond 2 173782 0 0 10
cond 2 173782 0 0 10
cond 2 173781 0 0 10
cond 2 173781 0 0 10
cond 2 173780 0 0 13
cond 2 173780 0 0 13
cond 2 173779 0 0 13
cond 2 173779 0 0 13
cond 2 173778 0 0 10
cond 2 173778 0 0 10
cond 2 173777 0 0 10
cond 2 173777 0 0 10
cond 2 173776 0 0 10
cond 2 173776 0 0 10
cond 2 173775 0 0 6
cond 2 173775 0 0 6
cond 2 173774 0 0 10
cond 2 173774 0 0 10
cond 2 173773 0 0 12
cond 2 173773 0 0 12
cond 2 173772 0 0 11
cond 2 173772 0 0 11
cond 2 173772 0 0 11
cond 2 173772 0 0 11
cond 2 173771 0 0 11
cond 2 173771 0 0 11
cond 2 173770 0 0 9
cond 2 173770 0 0 9
cond 2 173769 0 0 9
cond 2 173769 0 0 9
cond 2 173768 0 0 9
cond 2 173768 0 0 9
cond 2 173767 0 0 10
cond 2 173767 0 0 10
cond 2 173766 0 0 10
cond 2 173766 0 0 10
cond 2 173765 0 0 11
cond 2 173765 0 0 11
cond 2 173765 0 0 11
cond 2 173765 0 0 11
sc_n 2 319 173765 94 1000 1 -1 997.5.2 -1 -1 0 0 0 0 242 242 140 0 0 2 594 573 456 573 367 0 0 0 0 0 34861 34861 10244 10244 0 291503800 Kliff 1102 1 -1 -1 -1 -1
cond 2 173764 0 0 12
cond 2 173764 0 0 12
cond 2 173763 0 0 11
cond 2 173763 0 0 11
cond 2 173763 0 0 11
sc_n 1 2640 173763 94 1000 242950 991.7.5 996.2.4 -1 -1 0 0 1 5 871 931 921 13 200 0 84 223 111 223 98 1 0 0 0 0 15983 15310 11944 11944 1 291503800 Jennifer -1 1 4812.100 1318.2 1319.4 1320.7
sc_n 1 2640 173763 94 1000 242950 991.7.5 996.2.4 -1 -1 0 0 1 5 871 931 921 13 200 4 289 619 344 619 299 1 0 0 0 0 15983 15310 10544 10544 1 291503800 Jennifer -1 1 4812.100 1318.2 1319.4 1320.7
cond 2 173763 0 0 11
sc_n 1 2640 173763 94 1000 242950 991.7.5 996.2.4 -1 -1 0 0 1 5 871 931 921 13 200 0 84 223 111 223 98 1 0 0 0 0 15983 15310 10544 11944 1 291503800 Jennifer -1 1 4812.100 1318.2 1319.4 1320.7
sc_n 1 2640 173763 94 1000 242950 991.7.5 996.2.4 -1 -1 0 0 1 5 871 931 921 13 200 4 320 772 396 772 375 1 0 0 0 0 15983 16510 10544 11944 1 291503800 Jennifer -1 1 4812.100 1318.2 1319.4 1320.7
sc_n 1 2640 173763 94 1000 242950 991.7.5 996.2.4 -1 -1 0 0 1 5 871 931 921 13 200 4 320 772 396 772 375 1 0 0 0 0 15983 16510 10544 10544 1 291503800 Jennifer -1 1 4812.100 1318.2 1319.4 1320.7
sc_n 1 2640 173763 94 1000 242950 991.7.5 996.2.4 -1 -1 0 0 1 5 871 931 921 13 200 4 320 692 396 692 375 1 0 0 0 0 15310 15310 10544 10544 1 291503800 Jennifer -1 1 4812.100 1318.2 1319.4 1320.7
cond 2 173763 0 0 11
sc_n 1 2640 173763 94 1000 242950 991.7.5 996.2.4 -1 -1 0 0 1 5 871 931 921 13 200 0 84 223 111 223 98 1 0 0 0 0 15310 15310 10544 11944 1 291503800 Jennifer -1 1 4812.100 1318.2 1319.4 1320.7
sc_n 1 2640 173763 94 1000 242950 991.7.5 996.2.4 -1 -1 0 0 1 5 871 931 921 13 200 4 320 772 396 772 375 1 0 0 0 0 15310 16510 10544 11944 1 291503800 Jennifer -1 1 4812.100 1318.2 1319.4 1320.7
cond 2 173762 0 0 13
cond 2 173762 0 0 13
cond 2 173761 0 0 12
cond 2 173761 0 0 12
cond 2 173761 0 0 12
sc_n 0 2620 173761 94 1000 5780688 992.3.0 995.6.10 -1 -1 0 0 2 0 683 773 70 0 0 0 65 177 88 177 107 2 0 0 0 0 9401 9401 12447 17447 0 291503800 Erdimien 2704 1 4810.100 1315.4 1316.1 1317.6
sc_n 0 2620 173761 94 1000 5780688 992.3.0 995.6.10 -1 -1 0 0 2 0 683 773 70 0 0 10 270 573 321 573 308 2 0 0 0 0 9401 9401 12447 12447 0 291503800 Erdimien 2704 1 4810.100 1315.4 1316.1 1317.6
cond 2 173761 0 0 12
sc_n 0 2620 173761 94 1000 5780688 992.3.0 995.6.10 -1 -1 0 0 2 0 683 773 70 0 0 0 65 177 88 177 107 2 0 0 0 0 9401 9401 12447 17447 0 291503800 Erdimien 2704 1 4810.100 1315.4 1316.1 1317.6
sc_n 0 2620 173761 94 1000 5780688 992.3.0 995.6.10 -1 -1 0 0 2 0 683 773 70 0 0 10 250 481 302 481 373 2 0 0 0 0 9401 13401 12447 17447 0 291503800 Erdimien 2704 1 4810.100 1315.4 1316.1 1317.6
sc_n 0 2620 173761 94 1000 5780688 992.3.0 995.6.10 -1 -1 0 0 2 0 683 773 70 0 0 10 250 481 302 481 373 2 2 2 2 2 9401 13401 12447 12447 0 291503800 Erdimien 2704 1 4810.100 1315.4 1316.1 1317.6
sc_n 0 2620 173761 94 1000 5780688 992.3.0 995.6.10 -1 -1 0 0 2 0 683 773 70 0 0 10 250 481 302 481 373 2 2 2 2 2 9401 9401 12447 12447 0 291503800 Erdimien 2704 1 4810.100 1315.4 1316.1 1317.6
cond 2 173761 0 0 12
sc_n 0 2620 173761 94 1000 5780688 992.3.0 995.6.10 -1 -1 0 0 2 0 683 773 70 0 0 0 65 177 88 177 107 2 0 0 0 0 9401 9401 12447 17447 0 291503800 Erdimien 2704 1 4810.100 1315.4 1316.1 1317.6
sc_n 0 2620 173761 94 1000 5780688 992.3.0 995.6.10 -1 -1 0 0 2 0 683 773 70 0 0 10 250 481 302 481 373 2 0 0 0 0 9401 13401 12447 17447 0 291503800 Erdimien 2704 1 4810.100 1315.4 1316.1 1317.6
p_clear
sc_p 8 158 173794 12 1000 148 2 0 132 232 70 2 70 0 50 89 50 89 51 1 80 -30 40 10 751 751 402 402 0 2457 0 Ardilla^fumigadora 0
sc_p 27 448 173793 1 1000 0 0 0 42 45 32 14 90 0 48 41 37 41 23 0 5 10 2 15 156 156 10 10 0 15 0 Hada^graslin 0
sc_p 14 156 173792 23 1000 4900 0 0 170 224 162 4 70 0 88 166 93 166 73 3 70 70 70 70 2346 2346 363 363 0 25680 0 Ardilla^marrón 0
sc_p 29 176 173791 1 1000 0 0 0 30 38 30 4 70 0 17 34 19 34 17 2 0 0 0 0 121 121 60 60 0 15 0 Ardilla^Santa 0
sc_p 0 535 173790 24 1000 24840 2 0 136 202 70 14 75 0 86 159 94 159 85 2 -10 8 5 4 865 865 382 382 0 29430 0 Muñeco^de^Nieve 0
sc_p 10 803 173789 2 1000 5 0 0 35 67 35 10 100 0 20 39 22 39 19 3 70 50 70 50 499 499 65 65 0 42 0 Chick^Norris 0
sc_p 18 824 173788 1 1000 0 0 0 70 138 30 6 100 0 27 34 29 34 32 2 4 22 6 6 321 321 60 60 0 15 0 Jelly^saltarín^jove 0
sc_p 2 567 173787 1 1000 0 1 0 41 48 44 10 150 0 18 31 17 31 13 2 5 5 5 5 168 168 24 24 0 15 0 Hada^oval 0
sc_n 3 2618 173786 94 1000 226485876 990.5.4 997.6.4 -1 -1 0 0 0 4 819 899 617 12 200 4 599 571 473 571 334 2 5 5 5 5 26570 30570 3503 3503 0 291503800 Ragnar 2703 1 4818.100 1292.5 1293.6 1294.7
sc_p 16 801 173785 2 1000 35 0 0 46 51 37 14 90 0 50 46 40 46 25 3 5 2 10 15 175 175 15 15 0 42 0 Chicky^saltador 0
sc_p 3 2701 173784 94 1000 62984 1 0 562 720 748 8 200 0 313 564 327 564 243 1 10 0 10 10 20838 20838 2040 2040 0 72875950 1 Mecanigato 0
sc_p 17 752 173783 1 1000 0 0 0 40 63 34 2 60 0 25 34 24 34 22 1 55 35 40 40 450 450 60 60 0 15 0 Ardilla^toro 0
sc_p 19 840 173782 1 1000 0 0 0 55 88 40 5 70 0 42 35 54 35 27 2 1 5 3 2 341 341 60 60 0 15 0 Leo,^el^Cobarde 0
sc_p 7 2119 173781 14 1000 168 0 0 143 213 108 10 70 0 70 109 65 109 57 3 20 50 70 40 1361 1361 240 240 0 3720 0 Oveja^amarilla 0
sc_p 26 846 173780 1 1000 0 0 0 130 188 90 5 160 0 17 54 19 54 17 1 80 45 55 60 221 221 60 60 0 15 0 Teo^Terciopié 0
sc_p 11 2683 173779 91 1000 36268 1 0 615 782 814 4 70 0 298 601 334 601 294 3 60 70 80 60 21300 21300 10550 10550 0 55644450 1 Almirante^Ojo^de^Ág 1
sc_p 28 843 173778 1 1000 0 0 0 130 168 90 10 140 0 17 34 19 34 17 2 50 80 60 50 331 331 60 60 0 15 0 Ardilla^vikinga 0
sc_p 24 844 173777 1 1000 0 2 0 140 168 70 0 0 0 17 34 19 34 17 3 60 50 80 50 271 271 60 60 0 15 0 Ardilla^cowboy 0
sc_p 15 824 173776 1 1000 0 0 0 70 138 30 6 100 0 27 34 29 34 32 2 4 22 6 6 321 321 60 60 0 15 0 Jelly^saltarín^jove 0
sc_p 12 581 173775 1 1000 0 2 0 70 155 70 4 70 0 17 34 19 34 17 2 20 60 50 50 261 261 60 60 0 15 0 Ardilla^marinera 0
sc_p 25 614 173774 1 1000 0 2 0 71 157 70 2 70 0 17 34 19 34 17 1 80 50 50 60 221 221 60 60 0 15 0 Ardilla^de^unidad^e 0
sc_p 5 1384 173773 90 1000 7308 2 1 633 795 70 4 70 4 331 479 272 479 309 0 50 40 20 70 35480 35480 12147 12147 0 50142850 1 Ardilla^calabaza 0
sc_n 4 2641 173772 94 1000 1 -1 -1 -1 -1 0 0 1 0 214 214 428 0 0 0 88 214 107 214 88 3 0 0 0 0 16921 16921 8410 8410 0 291503800 Amora^sin^alas -1 0 -1 -1 -1 -1
sc_p 4 828 173771 93 1000 1059040 0 0 633 827 532 12 150 0 354 531 312 531 288 2 60 80 70 60 37936 37936 4582 4582 0 67009700 0 Kagome 0
sc_p 6 830 173770 15 1000 3955 0 0 117 154 104 4 70 2 67 113 65 113 55 3 40 40 40 40 1225 1225 195 195 0 5256 0 Rudi^Rabauke^joven 0
sc_p 20 2106 173769 6 1000 230 0 0 73 97 56 4 70 0 38 65 36 65 34 1 40 40 40 40 470 470 108 108 0 420 0 Pavesa 0
sc_p 1 664 173768 10 1000 91 0 0 97 132 82 10 150 0 43 117 47 117 38 1 50 50 50 50 706 706 128 128 0 1518 0 Conejo^entrañable 0
sc_p 23 824 173767 1 1000 0 0 0 70 138 30 6 100 0 27 34 29 34 32 2 4 22 6 6 321 321 60 60 0 15 0 Jelly^saltarín^jove 0
sc_p 21 3107 173766 93 1000 1 0 0 540 716 560 4 70 0 306 564 322 564 255 3 60 80 70 70 20638 20638 3503 3503 0 67009700 0 Picaña^dócil 0
sc_n 2 319 173765 94 1000 1 -1 997.5.2 -1 -1 0 0 0 0 242 242 140 0 0 2 594 573 456 573 367 0 5 5 5 5 34861 34861 10244 10244 0 291503800 Kliff 1102 1 -1 -1 -1 -1
sc_p 13 670 173764 95 322 31210465 2 0 660 830 70 4 70 6 372 592 337 592 389 2 60 80 70 60 35977 44836 26643 26643 1 78866350 1 Widersito 1
sc_n 1 2640 173763 94 1000 242950 991.7.5 996.2.4 -1 -1 0 0 1 5 871 931 921 13 200 4 320 772 396 772 375 1 0 0 0 0 15310 16510 10544 11944 1 291503800 Jennifer -1 1 4812.100 1318.2 1319.4 1320.7
sc_p 9 769 173762 1 1000 0 0 0 130 150 55 15 180 0 32 35 37 35 13 0 20 20 20 20 350 350 60 60 0 15 0 Ardilla^boxeadora 0
sc_n 0 2620 173761 94 1000 5780688 992.3.0 995.6.10 -1 -1 0 0 2 0 683 773 70 0 0 10 250 481 302 481 373 2 2 2 2 2 9401 13401 12447 17447 0 291503800 Erdimien 2704 1 4810.100 1315.4 1316.1 1317.6
sc_p_stc 3 2
npinfo 0
ctl 2 173763 3
in 2 2640 173763 76 131 2 92 88 0 0 3 538316 1 0 -1 Jennifer 1 1 0 0 0 0 0 0 0 0
cond 2 173763 0 0 11
ski 260 261 260 261 262 263 265 266 267 268 270 271 272 273 274 275 277 237 1488 1489 695|3 21 26 30 38 42 46 50 53 58 60 90 94 96 97 98 99 100 111 112 103 104 105 370 371 372 374 376 380 381 382 383 284 285 287 288 289 290 291 294
qslot 0 0.1.0 0.2.31 0.-1.-1 1.1.13 1.1.12 1.1.15 1.3.12 1.1.10 1.3.11 0.-1.-1 1.1.2 1.1.3 1.1.5 1.1.7 1.1.17 1.1.14 1.1.39 1.1.38 1.1.11 0.1.119 0.-1.-1 0.1.119 0.1.119 0.1.119 0.1.119 0.1.28 0.1.119 0.0.53 0.0.59 1.1.41
qslot 1 0.1.1 0.1.119 0.1.9 7.7.-1 7.7.-1 7.7.-1 7.7.-1 7.7.-1 7.7.-1 7.7.-1 1.1.8 1.1.1 7.7.-1 7.7.-1 7.7.-1 7.7.-1 7.7.-1 7.7.-1 7.7.-1 7.7.-1 7.7.-1 7.7.-1 7.7.-1 7.7.-1 7.7.-1 7.7.-1 7.7.-1 7.7.-1 7.7.-1 7.7.-1
ctl 2 173764 3
in 2 670 173764 78 130 2 80 100 0 0 3 538316 1 0 -1 Widersito 2 -1 0 0 0 0 0 0 0 0
cond 2 173764 0 0 12
sc_p_stc 3 2
npinfo 0
sc_p 13 670 173764 95 322 31210465 2 0 660 830 70 4 70 6 372 592 337 592 389 2 60 80 70 60 35977 44836 26643 26643 1 78866350 1 Widersito 1
petski -1
title 10.1 5.1 9.1 8.1 4.1 7.1 6.1 3.1 2.1 1.1 0.3 11.1 100.5 80.1
titinfo 1 538316 9300 9400
zzim
umi 5060.675 5675.-1 5676.-1 5677.-1 5797.-1
ib 1278 1
qstlist 6.6090.0.4.0.10.0.0.10.0.0.0.0.0.0.0 7.6227.0.4.0.15.0.0.15.0.15.0.0.0.0.0 8.7633.0.1.0.1.0.0.1.0.0.0.0.0.0.0 9.6248.0.12.0.0.0.0.0.0.0.0.0.0.0.0 11.7624.0.1.0.1.0.0.0.0.0.0.0.0.0.0 13.6721.0.14.0.1.0.0.0.0.0.0.0.0.0.0
sqst  0 0000000000000000000000000000000000000000000000000000000000000000000000000000000000000000000000000000000000000000000000000000000000000000000000000000000000000000000000000000000000000000000000000000000000000000000000000000000000000000000000000000000000
sqst  1 00000000000000000000000000000000000000000000000000000000000000000000000000000000000000000000000000000000000000000000000000000O0000000000000000000000000000000000000000000000000000000000000000000000000000000000000000000000000000000000000000000000000000
sqst  2 0000000000000000000000000000000000000000000000000000000000000000000000000000000000000000000000000000000000000000000000000000000000000000000000000000000000000000000000000000000000000000000000000000000000000000000000000000000000000000000000000000000000
sqst  3 00000000000000000000000000000000000000000000000000000000000000000000000000000000000U}}t}}V}O}0000000000000000000000X0}060X00O}00000000000000000000000000000000006000000000000000000000000000000000000000000000000000000000000000000000000zW000000000000000
sqst  4 01UX00O}}}}}}}}0000000V}XU}}}}}}}}}}}l00UX000000000000VW000000000000000000000000000U}}z}}}}}}}}}}z}zV}}}l000000000000O}}y}}Z000000000000000000000000000000000000000000000000000000000000000000000000000000000000000000000000000000000000000000000000000000
sqst  5 0000000000000000000000000000000000000000000000000000000000000000000000000000000000000000000000000000000000000000000000000000000000000000000000000000000000000000000000000000000000000000000000000000000000000000000000000000000000000000000000000000000000
sqst  6 0000000000000000000000000000000000000000000000000000000000000000000000000000000000000000000000000000000000000000000000000000000000000000000000000000000000000000000000000000000000000000000000000000000000000000000000000000000000000000000000000000000000
eq 538316 0 0 3 97 3 4975.4950.4965.4962.4846.4129.8206.4365.4373.4443 77 87 10
act6 
mv 3 15117 104 109 8
mv 3 15116 102 54 8
mv 3 15105 41 67 8
mv 3 15092 56 104 11
mv 3 15082 100 83 11
mv 3 15080 93 37 11
mv 3 15079 92 59 11
mv 3 15077 76 15 11
mv 3 15076 75 60 11
mv 3 15065 66 62 8
mv 3 15064 63 102 8
mv 3 15061 47 136 8
fmi 0|9000|2|0|0 0|9002|2|0|0 0|9003|2|0|0 0|9004|2|9|134 0|9005|1|20191216|137 0|9006|2|0|244 0|9007|2|0|14 0|9008|2|3|42 0|9009|2|3|9 0|9010|2|0|13 0|9011|2|2|4 0|9012|2|4|4 0|9013|2|4|48 0|9014|1|20191216|91 0|9015|1|20191216|45 0|9016|2|2|43 0|9017|2|9|239 1|9018|1|20190403|0 1|9019|1|20190403|0 1|9020|1|20190403|0 1|9021|1|20190403|0 1|9022|1|20190403|0 1|9023|1|20190403|0 1|9024|1|20190403|0 1|9025|1|20190403|0 1|9026|1|20190403|0 1|9027|1|20190611|0 1|9028|1|20190911|0 1|9029|2|0|0 1|9037|1|20190403|0 1|9038|1|20190413|0 1|9039|1|20190611|0 1|9040|2|700|0 1|9042|1|20190703|0 1|9043|1|20190706|0 1|9044|1|20190713|0 1|9045|1|20190807|0 1|9046|2|2787|0 1|9047|1|20190703|0 1|9048|1|20190706|0 1|9049|1|20190713|0 1|9050|1|20190807|0 1|9051|2|1454|0 1|9052|1|20190407|0 1|9053|1|20190508|0 1|9054|2|588|0 1|9055|1|20190405|0 1|9056|1|20190417|0 1|9057|1|20190516|0 1|9058|1|20190922|0 1|9059|2|148|0 1|9060|1|20190405|0 1|9061|1|20190419|0 1|9062|1|20190519|0 1|9063|1|20190822|0 1|9064|2|151|0 1|9065|1|20190403|0 1|9066|1|20190415|0 1|9067|1|20190518|0 1|9068|1|20191007|0 1|9069|2|131|0 1|9070|1|20190403|0 1|9071|1|20190416|0 1|9072|1|20190508|0 1|9073|1|20190811|0 1|9074|2|158|0 0|9075|2|0|239 0|9076|2|0|117 0|9077|2|9|10 0|9078|2|0|205 0|9079|2|1|12
fmp 9695|0 9697|0 9688|0 9681|0 9686|0 9750|0 9740|0 9691|0 9735|0 9745|0
gcon 538316|1|0
gexp 415726|1719283 394409|792367 538316|17126 327663|169799 712452|82822 371984|382324 654329|912116 539788|246370 819684|114529 818429|559961 1040204|51678 352013|40552 732416|6675 193646|104922 520463|97315 805830|256318 72604|559098 57801|7708 638887|79032 62675|70253 60587|24686 668911|41797 158360|7872 557883|19495 710684|60881 256869|139001 546721|195687 751316|4040 365274|320087 123477|43195 495873|165652 239929|22075 807224|196146 92504|60241 462697|5500 409316|117767 583627|26568 593294|26892 597291|46555 892068|2000 723457|11073 416400|14758 105493|271432 691979|166757 52295|162785 433058|3366 758029|10941 818167|12273 806020|213968 660591|96386 1090443|299887 201818|80547 1380|50800 568160|25231 620230|48737 173626|80190 563233|20610 476043|65000 806166|26164 628176|22039 284237|30059 427154|44429 673691|8646 585529|15483 400770|57301 829343|75133 1049723|800 576169|6600 737565|4300 728314|21348 431562|6737 731333|7816 614945|27730 591747|18587 640457|28543 320657|2900 1049026|62103 559954|45645 730749|1233 541837|3000 777909|97348 1099020|5724 466183|32599 704336|52413 737845|48941 551950|25200 670667|75907 315486|1000 456755|7556 410152|19584 822387|38600 742191|0 796786|300 896356|300 838076|500 840311|0 411877|0
fs 2
mv 3 15125 101 63 8
mv 3 15109 53 68 8
mv 3 15091 56 91 11
mv 3 15088 44 49 11
mv 3 15081 100 51 11
mv 3 15078 88 29 11
mv 3 15074 51 78 11
mv 3 15072 19 95 11
mv 3 15067 76 42 8
p_clear
sc_p 8 158 173794 12 1000 148 2 0 132 232 70 2 70 0 50 89 50 89 51 1 80 -30 40 10 751 751 402 402 0 2457 0 Ardilla^fumigadora 0
sc_p 27 448 173793 1 1000 0 0 0 42 45 32 14 90 0 48 41 37 41 23 0 5 10 2 15 156 156 10 10 0 15 0 Hada^graslin 0
sc_p 14 156 173792 23 1000 4900 0 0 170 224 162 4 70 0 88 166 93 166 73 3 70 70 70 70 2346 2346 363 363 0 25680 0 Ardilla^marrón 0
sc_p 29 176 173791 1 1000 0 0 0 30 38 30 4 70 0 17 34 19 34 17 2 0 0 0 0 121 121 60 60 0 15 0 Ardilla^Santa 0
sc_p 0 535 173790 24 1000 24840 2 0 136 202 70 14 75 0 86 159 94 159 85 2 -10 8 5 4 865 865 382 382 0 29430 0 Muñeco^de^Nieve 0
sc_p 10 803 173789 2 1000 5 0 0 35 67 35 10 100 0 20 39 22 39 19 3 70 50 70 50 499 499 65 65 0 42 0 Chick^Norris 0
sc_p 18 824 173788 1 1000 0 0 0 70 138 30 6 100 0 27 34 29 34 32 2 4 22 6 6 321 321 60 60 0 15 0 Jelly^saltarín^jove 0
sc_p 2 567 173787 1 1000 0 1 0 41 48 44 10 150 0 18 31 17 31 13 2 5 5 5 5 168 168 24 24 0 15 0 Hada^oval 0
sc_n 3 2618 173786 94 1000 226485876 990.5.4 997.6.4 -1 -1 0 0 0 4 819 899 617 12 200 4 599 571 473 571 334 2 5 5 5 5 26570 30570 3503 3503 0 291503800 Ragnar 2703 1 4818.100 1292.5 1293.6 1294.7
sc_p 16 801 173785 2 1000 35 0 0 46 51 37 14 90 0 50 46 40 46 25 3 5 2 10 15 175 175 15 15 0 42 0 Chicky^saltador 0
sc_p 3 2701 173784 94 1000 62984 1 0 562 720 748 8 200 0 313 564 327 564 243 1 10 0 10 10 20838 20838 2040 2040 0 72875950 1 Mecanigato 0
sc_p 17 752 173783 1 1000 0 0 0 40 63 34 2 60 0 25 34 24 34 22 1 55 35 40 40 450 450 60 60 0 15 0 Ardilla^toro 0
sc_p 19 840 173782 1 1000 0 0 0 55 88 40 5 70 0 42 35 54 35 27 2 1 5 3 2 341 341 60 60 0 15 0 Leo,^el^Cobarde 0
sc_p 7 2119 173781 14 1000 168 0 0 143 213 108 10 70 0 70 109 65 109 57 3 20 50 70 40 1361 1361 240 240 0 3720 0 Oveja^amarilla 0
sc_p 26 846 173780 1 1000 0 0 0 130 188 90 5 160 0 17 54 19 54 17 1 80 45 55 60 221 221 60 60 0 15 0 Teo^Terciopié 0
sc_p 11 2683 173779 91 1000 36268 1 0 615 782 814 4 70 0 298 601 334 601 294 3 60 70 80 60 21300 21300 10550 10550 0 55644450 1 Almirante^Ojo^de^Ág 1
sc_p 28 843 173778 1 1000 0 0 0 130 168 90 10 140 0 17 34 19 34 17 2 50 80 60 50 331 331 60 60 0 15 0 Ardilla^vikinga 0
sc_p 24 844 173777 1 1000 0 2 0 140 168 70 0 0 0 17 34 19 34 17 3 60 50 80 50 271 271 60 60 0 15 0 Ardilla^cowboy 0
sc_p 15 824 173776 1 1000 0 0 0 70 138 30 6 100 0 27 34 29 34 32 2 4 22 6 6 321 321 60 60 0 15 0 Jelly^saltarín^jove 0
sc_p 12 581 173775 1 1000 0 2 0 70 155 70 4 70 0 17 34 19 34 17 2 20 60 50 50 261 261 60 60 0 15 0 Ardilla^marinera 0
sc_p 25 614 173774 1 1000 0 2 0 71 157 70 2 70 0 17 34 19 34 17 1 80 50 50 60 221 221 60 60 0 15 0 Ardilla^de^unidad^e 0
sc_p 5 1384 173773 90 1000 7308 2 1 633 795 70 4 70 4 331 479 272 479 309 0 50 40 20 70 35480 35480 12147 12147 0 50142850 1 Ardilla^calabaza 0
sc_n 4 2641 173772 94 1000 1 -1 -1 -1 -1 0 0 1 0 214 214 428 0 0 0 88 214 107 214 88 3 0 0 0 0 16921 16921 8410 8410 0 291503800 Amora^sin^alas -1 0 -1 -1 -1 -1
sc_p 4 828 173771 93 1000 1059040 0 0 633 827 532 12 150 0 354 531 312 531 288 2 60 80 70 60 37936 37936 4582 4582 0 67009700 0 Kagome 0
sc_p 6 830 173770 15 1000 3955 0 0 117 154 104 4 70 2 67 113 65 113 55 3 40 40 40 40 1225 1225 195 195 0 5256 0 Rudi^Rabauke^joven 0
sc_p 20 2106 173769 6 1000 230 0 0 73 97 56 4 70 0 38 65 36 65 34 1 40 40 40 40 470 470 108 108 0 420 0 Pavesa 0
sc_p 1 664 173768 10 1000 91 0 0 97 132 82 10 150 0 43 117 47 117 38 1 50 50 50 50 706 706 128 128 0 1518 0 Conejo^entrañable 0
sc_p 23 824 173767 1 1000 0 0 0 70 138 30 6 100 0 27 34 29 34 32 2 4 22 6 6 321 321 60 60 0 15 0 Jelly^saltarín^jove 0
sc_p 21 3107 173766 93 1000 1 0 0 540 716 560 4 70 0 306 564 322 564 255 3 60 80 70 70 20638 20638 3503 3503 0 67009700 0 Picaña^dócil 0
sc_n 2 319 173765 94 1000 1 -1 997.5.2 -1 -1 0 0 0 0 242 242 140 0 0 2 594 573 456 573 367 0 5 5 5 5 34861 34861 10244 10244 0 291503800 Kliff 1102 1 -1 -1 -1 -1
sc_p 13 670 173764 95 322 31210465 2 0 660 830 70 4 70 6 372 592 337 592 389 2 60 80 70 60 35977 44836 26643 26643 1 78866350 1 Widersito 1
sc_n 1 2640 173763 94 1000 242950 991.7.5 996.2.4 -1 -1 0 0 1 5 871 931 921 13 200 4 320 772 396 772 375 1 0 0 0 0 15310 16510 10544 11944 1 291503800 Jennifer -1 1 4812.100 1318.2 1319.4 1320.7
sc_p 9 769 173762 1 1000 0 0 0 130 150 55 15 180 0 32 35 37 35 13 0 20 20 20 20 350 350 60 60 0 15 0 Ardilla^boxeadora 0
sc_n 0 2620 173761 94 1000 5780688 992.3.0 995.6.10 -1 -1 0 0 2 0 683 773 70 0 0 10 250 481 302 481 373 2 2 2 2 2 9401 13401 12447 17447 0 291503800 Erdimien 2704 1 4810.100 1315.4 1316.1 1317.6
mv 3 15120 47 21 8
mv 3 15115 94 68 8
mv 3 15113 83 53 8
mv 3 15099 110 60 11
mv 3 15096 99 15 11
mv 3 15073 22 73 11
mv 3 15071 109 41 8
inv 0 0.204.0.0.0.0 1.221.0.0.0.0 2.4441.0.0.0.0 3.4699.0.0.0.0 4.4260.0.0.0.0 5.4268.0.0.0.0 42.4982.8.7.0.7 43.4504.0.0.0.0 44.4933.0.5.0.0 45.4931.0.6.0.0 47.8026.0.0.0.0 48.317.0.5.0.0 49.380.0.5.0.0 50.709.0.6.0.0 51.4956.7.7.0.0 52.4503.0.0.0.0 53.4950.7.0.0.0 54.321.0.5.0.0 55.388.0.5.0.0 56.4132.0.0.0.0 57.4131.0.0.0.0 58.275.0.0.0.0 59.4950.7.7.0.0
inv 1 0.5743.1 1.5319.1 2.5714.1 3.5332.1 4.5152.1 5.5836.1 6.1247.14 7.5195.3 8.1015.38 9.1242.42 10.1004.43 11.1016.72 12.5763.70 13.5862.20 14.5863.39 15.1429.93 16.1027.598 17.5911.6 18.1246.49 19.1211.3 20.5972.32 21.5977.1 22.1612.8 23.1078.177 24.5959.2 25.1615.33 26.5879.3 27.5769.1 29.5768.1 30.5785.2 31.5784.2 32.5786.3 33.5854.12 34.1013.193 35.1025.5 36.5755.19 37.1012.548 38.5806.1 39.1010.4 40.1248.5 41.5770.1 42.5853.83 43.1144.14 44.5855.18 45.5215.13 46.1249.7 47.1026.7 48.1285.3 49.1286.49 50.1092.20 51.5119.1 52.1014.27 53.5970.17 54.1900.13 55.1246.998 56.1247.999 57.1241.4 58.1009.8 59.1007.39 60.1617.41 61.1616.56 62.1614.15 63.1611.14 64.1618.24 65.1620.27 66.5821.2 67.1095.2 68.1619.26 69.1613.15 70.5216.13 71.1296.8 72.1093.3 73.5722.1 74.1235.1 75.5881.1 76.5880.1 77.5858.1
inv 2 0.2072.370 1.2070.368 2.2071.512 3.2522.1 4.2523.120 5.2206.42 6.2285.397 7.2029.272 8.2283.35 9.2284.32 10.2308.660 11.2296.371 12.2363.3 13.2077.34 14.2348.2 15.2402.2 16.2472.6 17.2027.97 18.2414.10 19.2398.2 20.2329.100 21.2512.426 22.2361.9 23.2406.49 24.2170.2 25.2365.3 26.2408.82 27.2282.55 28.2028.67 29.2467.7 30.2511.67 31.2327.63 32.2205.2 33.2307.26 34.10048.17 35.2098.9 36.2430.3 37.2018.1 38.2407.9 39.2411.52 40.2027.445 41.2097.270 42.2410.206 43.2451.17 44.2384.1 45.2459.47 46.2465.5 47.2423.5 48.2475.1 49.2027.477 50.2466.37 51.2366.86 52.2511.999 53.2460.108 54.2326.716 55.2196.4 56.2415.25 57.2416.41 58.2417.243 59.2089.489 60.2513.409 61.2329.999 62.2517.3 63.2521.1 64.2519.3 65.2799.15 66.2516.2 67.2515.3 68.2462.1 69.2127.163 70.2027.999 71.2027.999 72.2027.999 73.2027.999 74.2089.999 75.2329.999 76.2089.999 77.2077.999 78.2173.2 79.2207.4 80.2099.1 81.2100.3 82.2129.3 83.2209.3 84.2311.29 85.2212.3 86.2102.3 87.2211.2 88.2101.3 89.2210.1 90.2816.18 91.2803.3 92.2818.1 93.2811.42 94.2208.6 95.2805.21 96.2819.10 97.2814.16 98.2474.1 99.2520.3
inv 3 0.3205.1 1.3216.1 2.3165.1 3.3114.1 4.3113.1 5.3113.1 6.3113.1 7.3005.1 8.3113.1 9.3000.1 10.3113.1 11.3056.1 12.3056.1 13.3059.1 14.3113.1 15.3193.1 16.3070.1 17.3070.1 18.3231.1 19.3114.1 20.3213.1 21.3218.1 22.3230.1 23.3191.1 24.3199.1 25.3114.1 26.3206.1 27.3196.1 28.3168.1 29.3156.1 30.3182.1 31.3212.1 32.3163.1 33.3203.1 34.3223.1 35.3221.1 36.3200.1 37.3157.1 38.3222.1 39.3230.1 40.3186.1 41.3140.1 42.3185.1 43.3174.1 44.3162.1 45.3181.1 46.3183.1 47.3149.1 48.3168.1 49.3137.1
mlobjlst 0.0.0.0.2.2.0.100.0.0 1.1.2.5.0.0.0.100.0.0 2.0.0.0.0.0.0.100.0.0 3.1.26.15.0.0.0.100.0.0 4.0.0.0.3.0.0.100.0.0 5.1.16.2.3.0.0.100.0.0 6.1.8.2.3.0.0.100.0.0 7.0.0.0.4.2.0.100.0.0 8.1.11.2.3.0.0.100.0.0 9.1.24.6.8.3.0.100.0.0 10.1.2.15.3.0.0.100.0.0 11.1.6.2.0.0.0.100.0.0 12.1.14.2.0.0.0.100.0.0 13.1.6.14.0.0.0.100.0.0 14.1.2.2.3.0.0.100.0.0 15.0.0.0.0.0.0.100.0.0 16.1.24.9.0.0.0.100.0.0 17.1.30.9.0.0.0.100.0.0 18.0.0.0.0.0.0.100.0.0 19.0.0.0.0.0.0.100.0.0 20.0.0.0.0.0.0.100.0.0 21.0.0.0.2.0.0.100.0.0 22.0.0.0.3.0.0.100.0.0 23.0.0.0.2.0.0.100.0.0 24.0.0.0.0.0.0.100.0.0 25.0.0.0.0.0.0.100.0.0 26.1.21.14.2.2.0.100.0.0 27.1.27.9.0.0.0.100.0.0 28.0.0.0.0.0.0.100.0.0 29.0.0.0.2.1.0.100.0.0 30.0.0.0.0.0.0.100.0.0 31.1.2.9.0.0.0.100.0.0 32.0.0.0.0.0.0.100.0.0 33.1.32.14.2.2.0.100.0.0 34.1.31.3.4.2.0.100.0.0 35.0.0.0.0.0.0.100.0.0 36.0.0.0.0.0.0.100.0.0 37.1.18.5.0.0.0.100.0.0 38.0.0.0.0.0.0.100.0.0 39.0.0.0.3.0.0.100.0.0 40.0.0.0.2.1.0.100.0.0 41.0.0.0.0.0.0.100.0.0 42.0.0.0.3.2.0.100.0.0 43.0.0.0.0.0.0.100.0.0 44.0.0.0.0.0.0.100.0.0 45.0.0.0.0.0.0.100.0.0 46.0.0.0.0.0.0.100.0.0 47.0.0.0.0.0.0.100.0.0 48.0.0.0.0.0.0.100.0.0 49.0.0.0.4.2.0.100.0.0
inv 6 0.900.0.13.0 1.905.0.10.33 2.906.0.9.45 3.906.0.0.0 4.907.0.13.0 5.908.0.0.0 6.913.0.10.42 7.914.0.14.63 8.4099.0.13.0 9.4326.0.0.0 10.4326.0.0.0 11.4487.0.0.0 12.4487.0.12.25 13.4487.0.0.0 14.4488.0.0.0 15.4488.0.0.0 16.4488.0.0.0 17.4488.0.0.0 18.4488.0.0.0 19.4488.0.0.0 20.4489.0.0.0 21.4489.0.0.0 22.4489.0.0.0 23.4489.0.0.0 24.4489.0.0.0 25.4491.0.0.0 26.4492.0.0.0 27.4499.0.11.68 28.4502.0.0.0 29.4502.0.0.0 30.4502.0.0.0 31.4802.0.0.0 32.4802.0.0.0 33.4805.0.0.0 34.4805.0.0.0 35.4806.0.0.0 36.4809.0.0.0 37.4810.0.0.0 38.4812.0.0.0 39.4812.0.0.0 40.4813.0.0.0 41.4819.0.0.0 42.8245.0.0.0
inv 7 0.189.0.0.0 1.454.0.0.0 2.454.0.0.0 3.456.0.0.0 4.492.0.0.0 5.976.0.0.0 6.976.0.0.0 7.977.0.0.0 8.982.0.0.0 9.982.0.0.0 10.986.0.168.0 11.986.0.168.0 12.4068.0.0.0 13.4075.0.0.0 14.4075.0.0.0 15.4076.0.0.0 16.4143.0.0.0 17.4147.0.0.0 18.4169.0.0.0 19.4169.0.0.0 20.4179.0.0.0 21.4195.0.0.0 22.4196.0.0.0 23.4242.0.0.0 24.4250.0.168.0 25.4250.0.168.0 26.4254.0.168.0 27.4258.0.0.0 28.4266.0.0.0 29.4367.0.0.0 30.4382.0.0.0 31.8053.0.0.0 32.8054.0.0.0 33.8055.0.0.0 34.8073.0.0.0 35.8074.0.0.0 36.8081.0.0.0 37.8088.0.0.0 38.8088.0.0.0 39.8100.0.0.0 40.8122.0.0.0 41.8122.0.0.0 42.8133.0.0.0 43.8137.0.0.0 44.8138.0.0.0 45.8165.0.0.0 46.8165.0.0.0 47.8165.0.0.0 48.8166.0.0.0 49.8188.0.0.0 50.8188.0.0.0 51.8205.0.0.0 52.8205.0.0.0 53.8207.0.24.0 54.8210.0.0.0 55.8352.0.720.0 56.8362.0.0.0
gold 17382791 0
qslot 0 0.1.0 0.2.31 0.-1.-1 1.1.13 1.1.12 1.1.15 1.3.12 1.1.10 1.3.11 0.-1.-1 1.1.2 1.1.3 1.1.5 1.1.7 1.1.17 1.1.14 1.1.39 1.1.38 1.1.11 0.1.119 0.-1.-1 0.1.119 0.1.119 0.1.119 0.1.119 0.1.28 0.1.119 0.0.53 0.0.59 1.1.41
qslot 1 0.1.1 0.1.119 0.1.9 7.7.-1 7.7.-1 7.7.-1 7.7.-1 7.7.-1 7.7.-1 7.7.-1 1.1.8 1.1.1 7.7.-1 7.7.-1 7.7.-1 7.7.-1 7.7.-1 7.7.-1 7.7.-1 7.7.-1 7.7.-1 7.7.-1 7.7.-1 7.7.-1 7.7.-1 7.7.-1 7.7.-1 7.7.-1 7.7.-1 7.7.-1
pst 2 173763 0 92 88 15310 10544 0 0 0
pst 2 173764 1 80 100 35977 26643 0 0 0
p_clear
sc_p 8 158 173794 12 1000 148 2 0 132 232 70 2 70 0 50 89 50 89 51 1 80 -30 40 10 751 751 402 402 0 2457 0 Ardilla^fumigadora 0
sc_p 27 448 173793 1 1000 0 0 0 42 45 32 14 90 0 48 41 37 41 23 0 5 10 2 15 156 156 10 10 0 15 0 Hada^graslin 0
sc_p 14 156 173792 23 1000 4900 0 0 170 224 162 4 70 0 88 166 93 166 73 3 70 70 70 70 2346 2346 363 363 0 25680 0 Ardilla^marrón 0
sc_p 29 176 173791 1 1000 0 0 0 30 38 30 4 70 0 17 34 19 34 17 2 0 0 0 0 121 121 60 60 0 15 0 Ardilla^Santa 0
sc_p 0 535 173790 24 1000 24840 2 0 136 202 70 14 75 0 86 159 94 159 85 2 -10 8 5 4 865 865 382 382 0 29430 0 Muñeco^de^Nieve 0
sc_p 10 803 173789 2 1000 5 0 0 35 67 35 10 100 0 20 39 22 39 19 3 70 50 70 50 499 499 65 65 0 42 0 Chick^Norris 0
sc_p 18 824 173788 1 1000 0 0 0 70 138 30 6 100 0 27 34 29 34 32 2 4 22 6 6 321 321 60 60 0 15 0 Jelly^saltarín^jove 0
sc_p 2 567 173787 1 1000 0 1 0 41 48 44 10 150 0 18 31 17 31 13 2 5 5 5 5 168 168 24 24 0 15 0 Hada^oval 0
sc_n 3 2618 173786 94 1000 226485876 990.5.4 997.6.4 -1 -1 0 0 0 4 819 899 617 12 200 4 599 571 473 571 334 2 5 5 5 5 26570 30570 3503 3503 0 291503800 Ragnar 2703 1 4818.100 1292.5 1293.6 1294.7
sc_p 16 801 173785 2 1000 35 0 0 46 51 37 14 90 0 50 46 40 46 25 3 5 2 10 15 175 175 15 15 0 42 0 Chicky^saltador 0
sc_p 3 2701 173784 94 1000 62984 1 0 562 720 748 8 200 0 313 564 327 564 243 1 10 0 10 10 20838 20838 2040 2040 0 72875950 1 Mecanigato 0
sc_p 17 752 173783 1 1000 0 0 0 40 63 34 2 60 0 25 34 24 34 22 1 55 35 40 40 450 450 60 60 0 15 0 Ardilla^toro 0
sc_p 19 840 173782 1 1000 0 0 0 55 88 40 5 70 0 42 35 54 35 27 2 1 5 3 2 341 341 60 60 0 15 0 Leo,^el^Cobarde 0
sc_p 7 2119 173781 14 1000 168 0 0 143 213 108 10 70 0 70 109 65 109 57 3 20 50 70 40 1361 1361 240 240 0 3720 0 Oveja^amarilla 0
sc_p 26 846 173780 1 1000 0 0 0 130 188 90 5 160 0 17 54 19 54 17 1 80 45 55 60 221 221 60 60 0 15 0 Teo^Terciopié 0
sc_p 11 2683 173779 91 1000 36268 1 0 615 782 814 4 70 0 298 601 334 601 294 3 60 70 80 60 21300 21300 10550 10550 0 55644450 1 Almirante^Ojo^de^Ág 1
sc_p 28 843 173778 1 1000 0 0 0 130 168 90 10 140 0 17 34 19 34 17 2 50 80 60 50 331 331 60 60 0 15 0 Ardilla^vikinga 0
sc_p 24 844 173777 1 1000 0 2 0 140 168 70 0 0 0 17 34 19 34 17 3 60 50 80 50 271 271 60 60 0 15 0 Ardilla^cowboy 0
sc_p 15 824 173776 1 1000 0 0 0 70 138 30 6 100 0 27 34 29 34 32 2 4 22 6 6 321 321 60 60 0 15 0 Jelly^saltarín^jove 0
sc_p 12 581 173775 1 1000 0 2 0 70 155 70 4 70 0 17 34 19 34 17 2 20 60 50 50 261 261 60 60 0 15 0 Ardilla^marinera 0
sc_p 25 614 173774 1 1000 0 2 0 71 157 70 2 70 0 17 34 19 34 17 1 80 50 50 60 221 221 60 60 0 15 0 Ardilla^de^unidad^e 0
sc_p 5 1384 173773 90 1000 7308 2 1 633 795 70 4 70 4 331 479 272 479 309 0 50 40 20 70 35480 35480 12147 12147 0 50142850 1 Ardilla^calabaza 0
sc_n 4 2641 173772 94 1000 1 -1 -1 -1 -1 0 0 1 0 214 214 428 0 0 0 88 214 107 214 88 3 0 0 0 0 16921 16921 8410 8410 0 291503800 Amora^sin^alas -1 0 -1 -1 -1 -1
sc_p 4 828 173771 93 1000 1059040 0 0 633 827 532 12 150 0 354 531 312 531 288 2 60 80 70 60 37936 37936 4582 4582 0 67009700 0 Kagome 0
sc_p 6 830 173770 15 1000 3955 0 0 117 154 104 4 70 2 67 113 65 113 55 3 40 40 40 40 1225 1225 195 195 0 5256 0 Rudi^Rabauke^joven 0
sc_p 20 2106 173769 6 1000 230 0 0 73 97 56 4 70 0 38 65 36 65 34 1 40 40 40 40 470 470 108 108 0 420 0 Pavesa 0
sc_p 1 664 173768 10 1000 91 0 0 97 132 82 10 150 0 43 117 47 117 38 1 50 50 50 50 706 706 128 128 0 1518 0 Conejo^entrañable 0
sc_p 23 824 173767 1 1000 0 0 0 70 138 30 6 100 0 27 34 29 34 32 2 4 22 6 6 321 321 60 60 0 15 0 Jelly^saltarín^jove 0
sc_p 21 3107 173766 93 1000 1 0 0 540 716 560 4 70 0 306 564 322 564 255 3 60 80 70 70 20638 20638 3503 3503 0 67009700 0 Picaña^dócil 0
sc_n 2 319 173765 94 1000 1 -1 997.5.2 -1 -1 0 0 0 0 242 242 140 0 0 2 594 573 456 573 367 0 5 5 5 5 34861 34861 10244 10244 0 291503800 Kliff 1102 1 -1 -1 -1 -1
sc_p 13 670 173764 95 322 31210465 2 0 660 830 70 4 70 6 372 592 337 592 389 2 60 80 70 60 35977 44836 26643 26643 1 78866350 1 Widersito 1
sc_n 1 2640 173763 94 1000 242950 991.7.5 996.2.4 -1 -1 0 0 1 5 871 931 921 13 200 4 320 772 396 772 375 1 0 0 0 0 15310 16510 10544 11944 1 291503800 Jennifer -1 1 4812.100 1318.2 1319.4 1320.7
sc_p 9 769 173762 1 1000 0 0 0 130 150 55 15 180 0 32 35 37 35 13 0 20 20 20 20 350 350 60 60 0 15 0 Ardilla^boxeadora 0
sc_n 0 2620 173761 94 1000 5780688 992.3.0 995.6.10 -1 -1 0 0 2 0 683 773 70 0 0 10 250 481 302 481 373 2 2 2 2 2 9401 13401 12447 17447 0 291503800 Erdimien 2704 1 4810.100 1315.4 1316.1 1317.6
mv 3 15124 89 17 8
mv 3 15122 62 107 8
mv 3 15093 76 63 11
mv 3 15085 13 75 11
mv 3 15069 106 143 8
mv 3 15108 52 89 8
bf 1 538316 0.374.3000 95
eff_t 2 173764 1 538316 4766
mv 3 15118 104 45 8
mv 3 15117 105 110 8
mv 3 15105 42 69 8
mv 3 15094 84 20 11
mv 3 15087 23 88 11
mv 3 15065 64 62 8
mv 3 15064 61 100 8
mv 3 15061 47 138 8
mv 3 15059 39 50 8
mv 3 15125 100 63 8
mv 3 15114 95 33 8
mv 3 15098 105 108 11
mv 3 15088 43 49 11
mv 3 15081 102 49 11
mv 3 15072 21 93 11
mv 3 15123 84 58 8
mv 3 15121 46 59 8
mv 3 15113 84 55 8
mv 3 15107 50 109 8
mv 3 15104 42 34 8
mv 3 15099 108 59 11
mv 3 15096 98 15 11
mv 3 15090 54 58 11
mv 3 15084 108 64 11
mv 3 15083 101 113 11
mv 3 15073 24 73 11
mv 3 15071 110 42 8
gp 79 168 2633 -1 0 0
wp 35 22 96 4 85 99
in 3 3025 15125 100 63 2 100 100 0 0 0 -1 1 0 -1 - 2 -1 0 0 0 0 0 0 0 0
in 3 3025 15124 89 17 2 15 100 0 0 0 -1 1 0 -1 - 2 -1 0 0 0 0 0 0 0 0
in 3 3025 15123 84 58 2 100 100 0 0 0 -1 1 0 -1 - 2 -1 0 0 0 0 0 0 0 0
in 3 3025 15122 62 107 2 100 100 0 0 0 -1 1 0 -1 - 2 -1 0 0 0 0 0 0 0 0
in 3 3025 15121 46 59 2 100 100 0 0 0 -1 1 0 -1 - 2 -1 0 0 0 0 0 0 0 0
in 3 3025 15120 47 21 2 99 100 0 0 0 -1 1 0 -1 - 2 -1 0 0 0 0 0 0 0 0
in 3 3025 15119 20 90 2 100 100 0 0 0 -1 1 0 -1 - 2 -1 0 0 0 0 0 0 0 0
in 3 3018 15118 104 45 2 100 100 0 0 0 -1 1 0 -1 - 2 -1 0 0 0 0 0 0 0 0
in 3 3018 15117 105 110 2 100 100 0 0 0 -1 1 0 -1 - 2 -1 0 0 0 0 0 0 0 0
in 3 3018 15116 102 54 2 100 100 0 0 0 -1 1 0 -1 - 2 -1 0 0 0 0 0 0 0 0
in 3 3018 15115 94 68 2 100 100 0 0 0 -1 1 0 -1 - 2 -1 0 0 0 0 0 0 0 0
in 3 3018 15114 95 33 2 85 100 0 0 0 -1 1 0 -1 - 2 -1 0 0 0 0 0 0 0 0
in 3 3018 15113 84 55 2 100 100 0 0 0 -1 1 0 -1 - 2 -1 0 0 0 0 0 0 0 0
in 3 3018 15112 34 146 3 100 100 0 0 0 -1 1 0 -1 - 2 -1 0 0 0 0 0 0 0 0
in 3 3018 15110 68 59 2 100 100 0 0 0 -1 1 0 -1 - 2 -1 0 0 0 0 0 0 0 0
in 3 3018 15109 53 68 2 100 100 0 0 0 -1 1 0 -1 - 2 -1 0 0 0 0 0 0 0 0
in 3 3018 15108 52 89 2 100 100 0 0 0 -1 1 0 -1 - 2 -1 0 0 0 0 0 0 0 0
in 3 3018 15107 50 109 2 100 100 0 0 0 -1 1 0 -1 - 2 -1 0 0 0 0 0 0 0 0
in 3 3018 15106 75 38 2 100 100 0 0 0 -1 1 0 -1 - 2 -1 0 0 0 0 0 0 0 0
in 3 3018 15105 42 69 2 67 100 0 0 0 -1 1 0 -1 - 2 -1 0 0 0 0 0 0 0 0
in 3 3018 15104 42 34 2 100 100 0 0 0 -1 1 0 -1 - 2 -1 0 0 0 0 0 0 0 0
in 3 3018 15102 17 78 2 100 100 0 0 0 -1 1 0 -1 - 2 -1 0 0 0 0 0 0 0 0
in 3 3018 15101 15 55 2 100 100 0 0 0 -1 1 0 -1 - 2 -1 0 0 0 0 0 0 0 0
in 3 3018 15100 40 73 2 52 100 0 0 0 -1 1 0 -1 - 2 -1 0 0 0 0 0 0 0 0
in 3 3017 15099 108 59 2 100 100 0 0 0 -1 1 0 -1 - 2 -1 0 0 0 0 0 0 0 0
in 3 3017 15098 105 108 2 100 100 0 0 0 -1 1 0 -1 - 2 -1 0 0 0 0 0 0 0 0
in 3 3017 15097 98 45 2 100 100 0 0 0 -1 1 0 -1 - 2 -1 0 0 0 0 0 0 0 0
in 3 3017 15096 98 15 2 100 100 0 0 0 -1 1 0 -1 - 2 -1 0 0 0 0 0 0 0 0
in 3 3017 15095 91 59 2 100 100 0 0 0 -1 1 0 -1 - 2 -1 0 0 0 0 0 0 0 0
in 3 3017 15094 84 20 2 100 100 0 0 0 -1 1 0 -1 - 2 -1 0 0 0 0 0 0 0 0
in 3 3017 15093 76 63 2 100 100 0 0 0 -1 1 0 -1 - 2 -1 0 0 0 0 0 0 0 0
in 3 3017 15092 56 104 2 100 100 0 0 0 -1 1 0 -1 - 2 -1 0 0 0 0 0 0 0 0
in 3 3017 15091 56 91 2 100 100 0 0 0 -1 1 0 -1 - 2 -1 0 0 0 0 0 0 0 0
in 3 3017 15090 54 58 2 100 100 0 0 0 -1 1 0 -1 - 2 -1 0 0 0 0 0 0 0 0
in 3 3017 15089 52 74 2 100 100 0 0 0 -1 1 0 -1 - 2 -1 0 0 0 0 0 0 0 0
in 3 3017 15088 43 49 2 100 100 0 0 0 -1 1 0 -1 - 2 -1 0 0 0 0 0 0 0 0
in 3 3017 15087 23 88 2 100 100 0 0 0 -1 1 0 -1 - 2 -1 0 0 0 0 0 0 0 0
in 3 3017 15086 25 54 2 100 100 0 0 0 -1 1 0 -1 - 2 -1 0 0 0 0 0 0 0 0
in 3 3017 15085 13 75 2 100 100 0 0 0 -1 1 0 -1 - 2 -1 0 0 0 0 0 0 0 0
in 3 3005 15084 108 64 2 100 100 0 0 0 -1 1 0 -1 - 2 -1 0 0 0 0 0 0 0 0
in 3 3005 15083 101 113 2 100 100 0 0 0 -1 1 0 -1 - 2 -1 0 0 0 0 0 0 0 0
in 3 3005 15082 100 83 2 100 100 0 0 0 -1 1 0 -1 - 2 -1 0 0 0 0 0 0 0 0
in 3 3005 15081 102 49 2 100 100 0 0 0 -1 1 0 -1 - 2 -1 0 0 0 0 0 0 0 0
in 3 3005 15080 93 37 2 100 100 0 0 0 -1 1 0 -1 - 2 -1 0 0 0 0 0 0 0 0
in 3 3005 15079 92 59 2 100 100 0 0 0 -1 1 0 -1 - 2 -1 0 0 0 0 0 0 0 0
in 3 3005 15078 88 29 2 100 100 0 0 0 -1 1 0 -1 - 2 -1 0 0 0 0 0 0 0 0
in 3 3005 15077 76 15 2 100 100 0 0 0 -1 1 0 -1 - 2 -1 0 0 0 0 0 0 0 0
in 3 3005 15076 75 60 2 100 100 0 0 0 -1 1 0 -1 - 2 -1 0 0 0 0 0 0 0 0
in 3 3005 15075 62 64 2 100 100 0 0 0 -1 1 0 -1 - 2 -1 0 0 0 0 0 0 0 0
in 3 3005 15074 51 78 2 100 100 0 0 0 -1 1 0 -1 - 2 -1 0 0 0 0 0 0 0 0
in 3 3005 15073 24 73 2 100 100 0 0 0 -1 1 0 -1 - 2 -1 0 0 0 0 0 0 0 0
in 3 3005 15072 21 93 2 100 100 0 0 0 -1 1 0 -1 - 2 -1 0 0 0 0 0 0 0 0
in 3 3002 15071 110 42 2 100 100 0 0 0 -1 1 0 -1 - 2 -1 0 0 0 0 0 0 0 0
in 3 3002 15070 108 62 2 100 100 0 0 0 -1 1 0 -1 - 2 -1 0 0 0 0 0 0 0 0
in 3 3002 15069 106 143 2 100 100 0 0 0 -1 1 0 -1 - 2 -1 0 0 0 0 0 0 0 0
in 3 3002 15068 100 148 2 100 100 0 0 0 -1 1 0 -1 - 2 -1 0 0 0 0 0 0 0 0
in 3 3002 15067 76 42 2 100 100 0 0 0 -1 1 0 -1 - 2 -1 0 0 0 0 0 0 0 0
in 3 3002 15066 66 110 2 100 100 0 0 0 -1 1 0 -1 - 2 -1 0 0 0 0 0 0 0 0
in 3 3002 15065 64 62 2 100 100 0 0 0 -1 1 0 -1 - 2 -1 0 0 0 0 0 0 0 0
in 3 3002 15064 61 100 2 100 100 0 0 0 -1 1 0 -1 - 2 -1 0 0 0 0 0 0 0 0
in 3 3002 15063 60 77 2 100 100 0 0 0 -1 1 0 -1 - 2 -1 0 0 0 0 0 0 0 0
in 3 3002 15062 49 66 2 100 100 0 0 0 -1 1 0 -1 - 2 -1 0 0 0 0 0 0 0 0
in 3 3002 15061 47 138 2 100 100 0 0 0 -1 1 0 -1 - 2 -1 0 0 0 0 0 0 0 0
in 3 3002 15060 70 18 2 72 100 0 0 0 -1 1 0 -1 - 2 -1 0 0 0 0 0 0 0 0
in 3 3002 15059 39 50 2 100 100 0 0 0 -1 1 0 -1 - 2 -1 0 0 0 0 0 0 0 0
in 3 3002 15058 23 59 2 8 100 0 0 0 -1 1 0 -1 - 2 -1 0 0 0 0 0 0 0 0
in 3 3002 15057 36 52 2 29 100 0 0 0 -1 1 0 -1 - 2 -1 0 0 0 0 0 0 0 0
in 2 3062 15152 100 21 0 100 100 0 0 0 -1 1 0 -1 - 2 -1 0 0 0 0 0 0 0 0
in 2 3052 15151 113 110 2 100 100 1 0 0 -1 1 0 -1 - 2 -1 0 0 0 0 0 0 0 0
in 2 3052 15150 113 43 2 100 100 1 0 0 -1 1 0 -1 - 2 -1 0 0 0 0 0 0 0 0
in 2 3052 15149 112 67 2 100 100 1 0 0 -1 1 0 -1 - 2 -1 0 0 0 0 0 0 0 0
in 2 3052 15148 110 137 2 100 100 1 0 0 -1 1 0 -1 - 2 -1 0 0 0 0 0 0 0 0
in 2 3052 15147 109 88 2 100 100 1 0 0 -1 1 0 -1 - 2 -1 0 0 0 0 0 0 0 0
in 2 3052 15146 107 31 2 100 100 1 0 0 -1 1 0 -1 - 2 -1 0 0 0 0 0 0 0 0
in 2 3052 15145 104 150 2 100 100 1 0 0 -1 1 0 -1 - 2 -1 0 0 0 0 0 0 0 0
in 2 3052 15144 104 13 2 100 100 1 0 0 -1 1 0 -1 - 2 -1 0 0 0 0 0 0 0 0
in 2 3052 15143 103 102 2 100 100 1 0 0 -1 1 0 -1 - 2 -1 0 0 0 0 0 0 0 0
in 2 3052 15142 99 93 2 100 100 1 0 0 -1 1 0 -1 - 2 -1 0 0 0 0 0 0 0 0
in 2 3052 15141 98 159 2 100 100 1 0 0 -1 1 0 -1 - 2 -1 0 0 0 0 0 0 0 0
in 2 3052 15140 95 113 2 100 100 1 0 0 -1 1 0 -1 - 2 -1 0 0 0 0 0 0 0 0
in 2 3052 15139 90 167 2 100 100 1 0 0 -1 1 0 -1 - 2 -1 0 0 0 0 0 0 0 0
in 2 3052 15138 76 37 2 100 100 1 0 0 -1 1 0 -1 - 2 -1 0 0 0 0 0 0 0 0
in 2 3052 15137 75 51 2 100 100 1 0 0 -1 1 0 -1 - 2 -1 0 0 0 0 0 0 0 0
in 2 3052 15136 74 70 2 100 100 1 0 0 -1 1 0 -1 - 2 -1 0 0 0 0 0 0 0 0
in 2 3052 15135 67 74 2 100 100 1 0 0 -1 1 0 -1 - 2 -1 0 0 0 0 0 0 0 0
in 2 3052 15134 63 95 2 100 100 1 0 0 -1 1 0 -1 - 2 -1 0 0 0 0 0 0 0 0
in 2 3052 15133 60 54 2 100 100 1 0 0 -1 1 0 -1 - 2 -1 0 0 0 0 0 0 0 0
in 2 3052 15132 52 91 2 100 100 1 0 0 -1 1 0 -1 - 2 -1 0 0 0 0 0 0 0 0
in 2 3052 15131 45 109 2 100 100 1 0 0 -1 1 0 -1 - 2 -1 0 0 0 0 0 0 0 0
in 2 3052 15130 22 35 2 100 100 1 0 0 -1 1 0 -1 - 2 -1 0 0 0 0 0 0 0 0
in 2 3052 15129 16 47 2 100 100 1 0 0 -1 1 0 -1 - 2 -1 0 0 0 0 0 0 0 0
in 2 3052 15128 5 97 2 100 100 1 0 0 -1 1 0 -1 - 2 -1 0 0 0 0 0 0 0 0
in 2 3052 15127 3 70 2 100 100 1 0 0 -1 1 0 -1 - 2 -1 0 0 0 0 0 0 0 0
in 2 3043 15126 65 146 3 100 100 11019 0 0 -1 1 0 -1 - 2 -1 0 0 0 0 0 0 0 0
pst 2 173763 0 92 88 15310 10544 0 0 0
pst 2 173764 1 80 100 35977 26643 0 0 0
mv 3 15102 18 78 8
mv 3 15097 97 43 11
mv 3 15093 76 61 11
mv 3 15085 13 73 11
mv 3 15069 105 144 8
mv 3 15112 35 144 8
mv 3 15108 52 90 8
mv 3 15095 93 57 11
mv 3 15086 26 54 11
mv 3 15075 61 65 11
mv 3 15068 98 149 8
mv 3 15066 64 109 8
mv 3 15062 50 65 8
mv 2 15126 64 147 4
stat 17774 22260 24467 24467 0 74784
mv 3 15118 106 47 8
mv 3 15116 101 53 8
mv 3 15105 41 71 8
mv 3 15092 57 104 11
mv 3 15082 99 84 11
mv 3 15070 106 60 8
mv 3 15064 63 102 8
mv 3 15061 46 137 8
mv 3 15059 40 48 8
mv 3 15109 55 68 8
mv 3 15088 43 48 11
mv 3 15081 102 48 11
mv 3 15078 86 28 11
mv 3 15074 49 79 11
mv 3 15072 21 94 11
mv 3 15067 77 43 8
mv 3 15123 84 57 8
mv 3 15115 96 69 8
mv 3 15107 49 107 8
mv 3 15104 43 33 8
mv 3 15099 108 58 11
mv 3 15096 97 15 11
mv 3 15090 56 59 11
mv 3 15084 109 66 11
mv 3 15071 108 41 8
pst 2 173763 0 93 88 15394 10544 0 0 0
pst 2 173764 1 80 100 36061 26643 0 0 0
mv 3 15124 90 17 8
mv 3 15093 75 61 11
mv 3 15089 52 75 11
mv 3 15069 103 144 8
mv 3 15112 33 145 8
mv 3 15095 91 58 11
mv 3 15086 27 52 11
mv 3 15068 98 150 8
mv 3 15062 50 66 8
mv 2 15126 66 146 4
mv 3 15119 18 90 8
mv 3 15117 103 111 8
mv 3 15094 86 19 11
mv 3 15092 58 105 11
mv 3 15087 23 86 11
mv 3 15082 100 84 11
mv 3 15079 91 59 11
mv 3 15077 78 16 11
mv 3 15076 76 60 11
mv 3 15070 105 62 8
mv 3 15063 58 79 8
mv 3 15061 44 138 8
mv 3 15125 101 62 8
mv 3 15114 94 34 8
mv 3 15109 57 67 8
mv 3 15101 17 56 8
mv 3 15088 42 49 11
mv 3 15081 101 49 11
mv 3 15067 76 42 8
mv 3 15120 46 20 8
mv 3 15115 96 67 8
mv 3 15104 41 35 8
mv 3 15090 55 58 11
mv 3 15083 99 114 11
mv 3 15073 25 73 11
pst 2 173763 0 93 88 15394 10544 0 0 0
pst 2 173764 1 80 100 36061 26643 0 0 0
mv 3 15122 63 105 8
mv 3 15110 66 59 8
mv 3 15097 99 44 11
mv 3 15093 75 60 11
mv 3 15085 15 74 11
mv 3 15069 105 142 8
mv 3 15112 33 146 8
mv 3 15108 53 92 8
mv 3 15086 26 54 11
mv 3 15075 60 63 11
mv 3 15068 100 150 8
stat 17858 22260 24467 24467 0 74784
stat 17858 22260 24467 24467 0 74784
mv 3 15117 105 109 8
mv 3 15092 56 107 11
mv 3 15080 94 38 11
mv 3 15079 93 60 11
mv 3 15065 66 63 8
mv 3 15064 64 101 8
mv 3 15063 59 78 8
mv 3 15125 101 63 8
mv 3 15109 55 69 8
mv 3 15101 16 57 8
mv 3 15098 106 107 11
mv 3 15091 56 92 11
mv 3 15088 42 47 11
mv 3 15072 21 93 11
mv 3 15123 82 58 8
mv 3 15120 45 21 8
mv 3 15107 50 109 8
mv 3 15104 43 36 8
mv 3 15096 96 17 11
mv 3 15083 99 112 11
pst 2 173763 0 93 93 15478 11161 0 0 0
pst 2 173764 1 80 100 36145 26643 0 0 0
glist 0 0
mv 3 15122 62 106 8
mv 3 15102 17 80 8
mv 3 15097 100 44 11
mv 3 15093 75 59 11
mv 3 15089 54 76 11
mv 3 15085 13 74 11
mv 3 15069 106 143 8
mv 3 15108 54 91 8
mv 3 15075 62 64 11
mv 3 15068 99 149 8
eff 2 173764 3007
mv 3 15118 105 48 8
mv 3 15105 43 70 8
mv 3 15094 85 21 11
mv 3 15092 57 107 11
mv 3 15082 101 86 11
mv 3 15080 96 37 11
mv 3 15079 93 61 11
mv 3 15077 78 17 11
mv 3 15070 107 61 8
mv 3 15065 64 63 8
mv 3 15064 63 102 8
mv 3 15061 46 137 8
gexp 415726|1719283 394409|792367 538316|17126 327663|169799 712452|82822 371984|382324 654329|912116 539788|246370 819684|114529 818429|559961 1040204|51678 352013|40552 732416|6675 193646|104922 520463|97315 805830|256318 72604|559098 57801|7708 638887|79032 62675|70253 60587|24686 668911|41797 158360|7872 557883|19495 710684|60881 256869|139001 546721|195687 751316|4040 365274|320087 123477|43195 495873|165652 239929|22075 807224|196146 92504|60241 462697|5500 409316|117767 583627|26568 593294|26892 597291|46555 892068|2000 723457|11073 416400|14758 105493|271432 691979|166757 52295|162785 433058|3366 758029|10941 818167|12273 806020|213968 660591|96386 1090443|299887 201818|80547 1380|50800 568160|25231 620230|48737 173626|80190 563233|20610 476043|65000 806166|26164 628176|22039 284237|30059 427154|44429 673691|8646 585529|15483 400770|57301 829343|75133 1049723|800 576169|6600 737565|4300 728314|21348 431562|6737 731333|7816 614945|27730 591747|18587 640457|28543 320657|2900 1049026|62103 559954|45645 730749|1233 541837|3000 777909|97348 1099020|5724 466183|32599 704336|52413 737845|48941 551950|25200 670667|75907 315486|1000 456755|7556 410152|19584 822387|38600 742191|0 796786|300 896356|300 838076|500 840311|0 411877|0
mv 3 15125 103 62 8
mv 3 15114 93 33 8
mv 3 15101 15 55 8
mv 3 15091 56 91 11
mv 3 15078 85 30 11
mv 3 15074 50 80 11
mv 3 15072 19 91 11
mv 3 15067 78 42 8
mv 3 15123 80 57 8
mv 3 15121 48 60 8
mv 3 15120 47 19 8
mv 3 15115 97 66 8
mv 3 15107 48 108 8
mv 3 15104 42 37 8
mv 3 15099 109 60 11
mv 3 15096 95 16 11
mv 3 15084 110 66 11
mv 3 15083 101 112 11
mv 3 15071 109 41 8
pst 2 173763 0 93 93 15478 11161 0 0 0
pst 2 173764 1 80 100 36145 26643 0 0 0
mv 3 15124 89 16 8
mv 3 15122 64 108 8
mv 3 15110 66 60 8
mv 3 15093 74 61 11
mv 3 15089 55 75 11
mv 3 15085 12 76 11
mv 3 15069 104 143 8
mv 3 15108 53 89 8
mv 3 15075 62 65 11
mv 2 15126 66 145 4
stat 17942 22260 24467 24467 0 74784
mv 3 15119 17 91 8
mv 3 15117 103 109 8
mv 3 15094 86 19 11
mv 3 15082 102 85 11
mv 3 15080 95 37 11
mv 3 15079 91 59 11
mv 3 15064 63 100 8
mv 3 15063 57 79 8
mv 3 15061 46 139 8
mv 3 15059 38 47 8
mv 3 15109 53 67 8
mv 3 15098 106 106 11
mv 3 15091 58 91 11
mv 3 15088 42 48 11
mv 3 15081 100 50 11
mv 3 15078 86 29 11
mv 3 15067 79 44 8
mv 3 15113 83 56 8
mv 3 15107 49 107 8
mv 3 15104 41 35 8
mv 3 15096 97 16 11
mv 3 15084 108 65 11
mv 3 15083 102 114 11
mv 3 15073 23 74 11
pst 2 173763 0 94 93 15562 11161 0 0 0
pst 2 173764 1 80 100 36229 26643 0 0 0
mv 3 15124 90 16 8
mv 3 15122 63 109 8
mv 3 15097 99 45 11
mv 3 15085 14 76 11
mv 3 15069 104 142 8
mv 3 15095 92 56 11
mv 3 15086 24 53 11
mv 3 15075 62 64 11
mv 3 15068 98 151 8
mv 3 15066 66 109 8
mv 3 15062 50 67 8
mv 2 15126 64 146 4
mv 3 15119 16 90 8
mv 3 15118 105 47 8
mv 3 15117 104 110 8
mv 3 15116 99 55 8
mv 3 15092 55 106 11
mv 3 15082 100 83 11
mv 3 15079 93 60 11
mv 3 15077 77 17 11
mv 3 15064 61 100 8
mv 3 15061 45 138 8
mv 3 15109 53 68 8
mv 3 15098 105 108 11
mv 3 15081 100 48 11
mv 3 15078 84 30 11
mv 3 15072 20 91 11
mv 3 15123 82 57 8
mv 3 15121 46 58 8
mv 3 15120 47 20 8
mv 3 15115 98 67 8
mv 3 15107 48 107 8
mv 3 15099 109 61 11
mv 3 15096 95 14 11
pst 2 173763 0 94 93 15562 11161 0 0 0
pst 2 173764 1 80 100 36229 26643 0 0 0
mv 3 15124 92 15 8
mv 3 15110 68 58 8
mv 3 15102 19 80 8
mv 3 15097 97 44 11
mv 3 15089 54 73 11
mv 3 15112 35 144 8
mv 3 15108 52 88 8
mv 3 15086 25 52 11
mv 3 15068 99 152 8
mv 3 15062 51 67 8
stat 18026 22260 24467 24467 0 74784
stat 18026 22260 24467 24467 0 74784
mv 3 15118 104 46 8
mv 3 15105 44 70 8
mv 3 15082 101 83 11
mv 3 15079 92 60 11
mv 3 15070 107 60 8
mv 3 15065 65 64 8
mv 3 15064 62 101 8
mv 3 15063 59 79 8
mv 3 15061 44 138 8
mv 3 15059 39 48 8
mv 3 15125 101 63 8
mv 3 15109 55 68 8
mv 3 15101 15 57 8
mv 3 15098 105 106 11
mv 3 15091 56 91 11
mv 3 15078 86 28 11
mv 3 15074 52 78 11
mv 3 15067 78 42 8
mv 3 15121 47 57 8
mv 3 15115 98 66 8
mv 3 15113 85 55 8
mv 3 15104 43 35 8
mv 3 15099 110 59 11
mv 3 15096 97 15 11
mv 3 15090 55 59 11
mv 3 15073 24 73 11
pst 2 173763 0 94 98 15646 11778 0 0 0
pst 2 173764 1 80 100 36313 26643 0 0 0
mv 3 15122 65 108 8
mv 3 15110 69 60 8
mv 3 15102 18 79 8
mv 3 15097 98 43 11
mv 3 15093 76 62 11
mv 3 15085 12 75 11
mv 3 15069 105 143 8
mv 3 15112 35 146 8
mv 3 15108 54 88 8
mv 3 15095 94 56 11
mv 3 15075 61 65 11
mv 3 15068 98 150 8
mv 3 15066 67 111 8
mv 3 15119 17 92 8
mv 3 15118 104 44 8
mv 3 15092 56 106 11
mv 3 15087 23 88 11
mv 3 15082 102 83 11
mv 3 15076 75 58 11
mv 3 15065 66 64 8
mv 3 15064 64 101 8
mv 3 15063 60 77 8
ncif 3 15122
mv 3 15125 102 65 8
mv 3 15114 94 34 8
mv 3 15109 53 70 8
mv 3 15101 15 56 8
mv 3 15091 57 91 11
mv 3 15081 102 49 11
mv 3 15072 20 93 11
mv 3 15121 46 58 8
mv 3 15120 48 19 8
mv 3 15113 83 56 8
mv 3 15107 49 109 8
mv 3 15104 42 34 8
mv 3 15099 109 59 11
mv 3 15096 96 17 11
mv 3 15090 56 60 11
mv 3 15084 109 66 11
mv 3 15083 102 112 11
mv 3 15073 24 75 11
mv 3 15071 108 43 8
pst 2 173763 0 94 98 15646 11778 0 0 0
pst 2 173764 1 80 100 36313 26643 0 0 0
st 3 15122 97 0 100 100 158890 22722
mv 3 15124 90 16 8
mv 3 15122 64 108 8
mv 3 15085 12 76 11
mv 3 15112 35 147 8
mv 3 15086 26 53 11
mv 3 15068 99 149 8
eff 2 173764 3007
stat 18110 22260 24467 24467 0 74784
mv 3 15119 17 90 8
mv 3 15118 104 46 8
mv 3 15116 98 54 8
mv 3 15105 43 70 8
mv 3 15092 58 104 11
mv 3 15087 24 88 11
mv 3 15079 90 59 11
mv 3 15077 79 17 11
mv 3 15065 64 63 8
mv 3 15061 45 137 8
mv 3 15059 41 47 8
ncif 3 15122
mv 3 15101 16 55 8
mv 3 15091 56 91 11
mv 3 15081 101 51 11
mv 3 15078 87 26 11
st 3 15122 97 0 100 100 158890 22722
mv 3 15123 83 57 8
mv 3 15121 47 59 8
mv 3 15120 47 21 8
mv 3 15113 82 55 8
mv 3 15099 107 61 11
mv 3 15096 97 18 11
mv 3 15090 54 62 11
mv 3 15084 108 65 11
mv 3 15071 109 42 8
pst 2 173763 0 95 98 15730 11778 0 0 0
pst 2 173764 1 81 100 36397 26643 0 0 0
mv 3 15122 63 106 8
mv 3 15097 100 41 11
mv 3 15093 78 60 11
mv 3 15085 13 74 11
ncif 3 15066
mv 3 15095 95 58 11
mv 3 15086 25 52 11
mv 3 15075 62 64 11
mv 3 15068 99 150 8
mv 3 15066 65 109 8
mv 3 15062 50 67 8
mv 2 15126 65 147 4
mv 3 15119 19 88 8
mv 3 15105 45 71 8
mv 3 15094 85 19 11
mv 3 15082 102 84 11
mv 3 15080 95 38 11
mv 3 15079 91 59 11
mv 3 15076 75 57 11
mv 3 15070 106 61 8
mv 3 15063 60 78 8
mv 3 15061 45 135 8
mv 3 15059 40 48 8
st 3 15066 95 0 100 100 110895 2619
mv 3 15109 55 71 8
mv 3 15091 56 93 11
mv 3 15088 43 48 11
mv 3 15072 21 92 11
mv 3 15123 81 57 8
mv 3 15121 46 61 8
mv 3 15115 97 67 8
mv 3 15113 84 56 8
mv 3 15107 51 110 8
mv 3 15099 108 59 11
mv 3 15084 108 64 11
mv 3 15083 101 113 11
pst 2 173763 0 95 98 15730 11778 0 0 0
pst 2 173764 1 81 100 36397 26643 0 0 0
mv 3 15097 99 41 11
mv 3 15093 76 62 11
mv 3 15089 52 74 11
mv 3 15085 12 75 11
mv 3 15069 103 144 8
ncif 3 15066
mv 3 15108 55 89 8
mv 3 15086 27 52 11
mv 3 15075 61 63 11
mv 3 15068 98 152 8
stat 18194 22260 24467 24467 0 74784
stat 18194 22260 24467 24467 0 74784
mv 3 15119 18 88 8
mv 3 15117 105 109 8
mv 3 15094 85 21 11
mv 3 15092 56 106 11
mv 3 15087 23 88 11
mv 3 15077 78 17 11
mv 3 15070 107 61 8
mv 3 15065 65 62 8
mv 3 15064 62 102 8
mv 3 15059 42 49 8
st 3 15066 95 0 100 100 110895 2619
mv 3 15125 100 66 8
mv 3 15114 92 33 8
mv 3 15109 57 69 8
mv 3 15091 58 92 11
mv 3 15088 43 47 11
mv 3 15081 102 50 11
mv 3 15078 85 27 11
mv 3 15074 51 79 11
mv 3 15072 19 93 11
mv 3 15067 76 42 8
mv 3 15121 44 59 8
mv 3 15113 85 55 8
mv 3 15099 110 60 11
mv 3 15096 97 17 11
mv 3 15090 55 62 11
mv 3 15084 109 64 11
mv 3 15083 101 112 11
mv 3 15073 23 75 11
mv 3 15071 108 42 8
pst 2 173763 0 95 100 15814 11944 0 0 0
pst 2 173764 1 81 100 36481 26643 0 0 0
mv 3 15124 92 14 8
mv 3 15102 17 79 8
mv 3 15085 14 74 11
ncif 3 15117
mv 3 15075 61 64 11
mv 3 15066 65 110 8
mv 3 15062 48 69 8
mv 2 15126 66 148 4
mv 3 15119 20 90 8
mv 3 15118 106 47 8
mv 3 15117 103 108 8
mv 3 15087 25 88 11
mv 3 15082 102 83 11
mv 3 15080 96 39 11
mv 3 15079 93 58 11
mv 3 15077 77 15 11
mv 3 15076 76 57 11
mv 3 15070 106 62 8
mv 3 15065 63 62 8
mv 3 15064 62 100 8
mv 3 15063 58 79 8
mv 3 15061 46 137 8
mv 3 15059 42 51 8
st 3 15117 94 0 100 100 133703 17568
mv 3 15125 102 66 8
mv 3 15114 91 33 8
mv 3 15109 55 67 8
mv 3 15101 17 54 8
mv 3 15098 105 108 11
mv 3 15091 57 93 11
mv 3 15088 43 49 11
mv 3 15081 100 51 11
mv 3 15072 20 91 11
mv 3 15123 83 59 8
mv 3 15121 46 59 8
mv 3 15115 96 66 8
mv 3 15113 83 57 8
mv 3 15104 43 34 8
mv 3 15099 108 58 11
mv 3 15096 95 15 11
mv 3 15084 109 65 11
mv 3 15083 101 114 11
mv 3 15071 109 43 8
pst 2 173763 0 95 100 15814 11944 0 0 0
pst 2 173764 1 81 100 36481 26643 0 0 0
mv 3 15124 91 13 8
mv 3 15122 61 105 8
mv 3 15102 18 79 8
mv 3 15097 101 43 11
mv 3 15089 54 75 11
mv 3 15069 105 143 8
ncif 3 15117
mv 3 15108 53 89 8
mv 3 15068 97 152 8
mv 3 15066 66 109 8
mv 2 15126 68 147 4
stat 18278 22260 24467 24467 0 74784
mv 3 15119 19 89 8
mv 3 15105 43 71 8
mv 3 15094 84 21 11
mv 3 15092 58 108 11
mv 3 15087 26 89 11
mv 3 15082 102 84 11
mv 3 15080 97 40 11
mv 3 15079 92 59 11
mv 3 15077 79 16 11
mv 3 15076 77 59 11
mv 3 15064 64 102 8
mv 3 15060 70 19 8
st 3 15117 94 0 100 100 133703 17568
mv 3 15109 54 69 8
mv 3 15101 18 54 8
mv 3 15098 106 110 11
mv 3 15091 56 93 11
mv 3 15074 51 81 11
mv 3 15072 21 93 11
ncif 3 15098
mv 3 15115 98 67 8
mv 3 15107 50 109 8
mv 3 15096 97 14 11
mv 3 15083 100 113 11
mv 3 15073 23 73 11
pst 2 173763 0 96 100 15898 11944 0 0 0
pst 2 173764 1 81 100 36565 26643 0 0 0
mv 3 15102 17 80 8
mv 3 15112 34 147 8
mv 3 15108 54 89 8
mv 3 15095 95 59 11
mv 3 15075 60 63 11
mv 3 15068 97 150 8
mv 3 15066 67 111 8
eff 2 173764 3007
st 3 15098 94 0 100 100 141703 7568
mv 3 15119 17 89 8
mv 3 15118 104 46 8
mv 3 15117 105 107 8
mv 3 15105 43 70 8
mv 3 15092 56 106 11
mv 3 15087 25 87 11
mv 3 15082 101 85 11
mv 3 15080 95 38 11
mv 3 15079 92 57 11
mv 3 15077 79 17 11
mv 3 15076 78 58 11
mv 3 15070 105 60 8
mv 3 15064 62 101 8
mv 3 15114 93 32 8
mv 3 15098 108 108 11
mv 3 15091 57 94 11
mv 3 15081 100 50 11
mv 3 15074 52 80 11
mv 3 15072 20 93 11
mv 3 15067 78 43 8
ncif 3 15098
mv 3 15123 81 61 8
mv 3 15115 98 65 8
mv 3 15104 44 34 8
mv 3 15099 106 59 11
mv 3 15090 56 60 11
mv 3 15071 108 42 8
pst 2 173763 0 96 100 15898 11944 0 0 0
pst 2 173764 1 81 100 36565 26643 0 0 0
mv 3 15124 89 15 8
mv 3 15102 15 81 8
mv 3 15097 99 45 11
mv 3 15093 76 63 11
mv 3 15069 106 145 8
mv 3 15108 52 89 8
mv 3 15095 95 58 11
mv 3 15086 26 54 11
mv 3 15068 98 150 8
mv 3 15066 66 111 8
st 3 15098 94 0 100 100 141703 7568
stat 18362 22260 24467 24467 0 74784
stat 18362 22260 24467 24467 0 74784
ncif 3 15083
mv 3 15118 105 44 8
mv 3 15117 104 108 8
mv 3 15116 100 53 8
mv 3 15094 86 20 11
mv 3 15080 97 39 11
mv 3 15077 78 17 11
mv 3 15125 104 66 8
mv 3 15114 95 34 8
mv 3 15109 53 70 8
mv 3 15101 18 55 8
mv 3 15098 107 110 11
mv 3 15091 55 93 11
mv 3 15088 45 48 11
mv 3 15081 101 48 11
mv 3 15078 87 26 11
mv 3 15074 51 78 11
mv 3 15072 22 92 11
mv 3 15121 46 58 8
mv 3 15120 48 21 8
mv 3 15115 97 67 8
mv 3 15107 52 108 8
mv 3 15099 107 61 11
mv 3 15090 56 61 11
pst 2 173763 0 96 100 15982 11944 0 0 0
pst 2 173764 1 81 100 36649 26643 0 0 0
st 3 15083 94 0 100 100 133703 5368
mv 3 15124 90 13 8
mv 3 15110 67 61 8
mv 3 15102 17 80 8
mv 3 15097 97 44 11
mv 3 15093 78 61 11
mv 3 15069 106 144 8
mv 3 15095 94 56 11
mv 3 15068 99 151 8
mv 3 15062 49 69 8
mv 2 15126 67 149 4
ncif 3 15083
mv 3 15119 17 88 8
mv 3 15118 106 45 8
mv 3 15116 98 52 8
mv 3 15105 41 70 8
mv 3 15094 84 21 11
mv 3 15087 27 87 11
mv 3 15080 95 38 11
mv 3 15079 91 57 11
mv 3 15077 76 16 11
mv 3 15076 77 58 11
mv 3 15064 62 100 8
mv 3 15063 57 77 8
mv 3 15061 47 137 8
mv 3 15059 41 50 8
mv 3 15125 103 66 8
mv 3 15114 93 33 8
mv 3 15109 54 71 8
mv 3 15101 17 55 8
mv 3 15091 56 92 11
mv 3 15078 86 26 11
mv 3 15067 79 41 8
st 3 15083 94 0 100 100 133703 5368
mv 3 15121 44 58 8
mv 3 15115 96 65 8
mv 3 15113 85 56 8
mv 3 15107 51 106 8
mv 3 15104 43 33 8
mv 3 15099 106 60 11
mv 3 15090 56 60 11
mv 3 15084 110 65 11
mv 3 15073 22 72 11
pst 2 173763 0 96 100 15982 11944 0 0 0
pst 2 173764 1 81 100 36649 26643 0 0 0
mv 3 15110 68 59 8
mv 3 15102 15 81 8
mv 3 15093 76 63 11
mv 3 15086 25 56 11
mv 3 15075 59 64 11
mv 3 15066 66 112 8
mv 2 15126 66 149 4
stat 18446 22260 24467 24467 0 74784
ncif 3 15083
mv 3 15118 106 47 8
mv 3 15117 103 109 8
mv 3 15105 42 69 8
mv 3 15094 86 20 11
mv 3 15092 58 104 11
mv 3 15087 26 88 11
mv 3 15082 101 84 11
mv 3 15079 89 57 11
mv 3 15077 76 17 11
mv 3 15070 107 58 8
mv 3 15064 61 102 8
mv 3 15063 59 79 8
mv 3 15059 41 51 8
mv 3 15125 102 65 8
mv 3 15114 95 35 8
mv 3 15098 105 108 11
mv 3 15088 43 49 11
mv 3 15072 20 92 11
st 3 15083 94 0 100 100 133703 5368
mv 3 15123 81 59 8
mv 3 15113 86 57 8
mv 3 15104 41 34 8
mv 3 15096 98 16 11
mv 3 15090 55 62 11
mv 3 15084 108 65 11
mv 3 15071 106 42 8
pst 2 173763 0 97 100 16066 11944 0 0 0
pst 2 173764 1 81 100 36733 26643 0 0 0
mv 3 15124 89 14 8
mv 3 15122 62 107 8
mv 3 15102 16 80 8
mv 3 15093 77 63 11
mv 3 15089 52 76 11
mv 3 15085 13 73 11
mv 3 15112 34 146 8
mv 3 15086 24 56 11
mv 3 15068 98 152 8
mv 3 15066 64 112 8
mv 3 15062 50 69 8
mv 2 15126 64 147 4
ncif 3 15083
mv 3 15119 19 90 8
mv 3 15116 98 53 8
mv 3 15105 42 70 8
mv 3 15087 25 89 11
mv 3 15082 100 83 11
mv 3 15080 95 39 11
mv 3 15079 90 59 11
mv 3 15077 77 15 11
mv 3 15070 106 58 8
mv 3 15065 62 61 8
mv 3 15064 63 100 8
mv 3 15063 60 81 8
mv 3 15061 47 138 8
mv 3 15125 100 65 8
mv 3 15101 16 56 8
mv 3 15091 55 90 11
mv 3 15088 44 51 11
mv 3 15078 84 27 11
mv 3 15067 80 41 8
st 3 15083 94 0 100 100 133703 5368
mv 3 15123 82 57 8
mv 3 15113 85 56 8
mv 3 15107 49 107 8
mv 3 15104 41 33 8
mv 3 15099 108 61 11
mv 3 15090 56 60 11
mv 3 15083 101 114 11
mv 3 15073 24 73 11
pst 2 173763 0 97 100 16066 11944 0 0 0
pst 2 173764 1 81 100 36733 26643 0 0 0
mv 3 15110 67 60 8
mv 3 15102 15 78 8
mv 3 15097 98 42 11
mv 3 15093 78 62 11
mv 3 15089 53 76 11
mv 3 15085 13 74 11
mv 3 15069 104 143 8
mv 3 15095 92 56 11
mv 3 15086 23 54 11
mv 3 15068 98 150 8
mv 3 15066 65 111 8
mv 3 15062 52 69 8
eff 2 173764 3007
stat 18530 22260 24467 24467 0 74784
stat 18530 22260 24467 24467 0 74784
ncif 3 15083
mv 3 15117 102 110 8
mv 3 15092 56 105 11
mv 3 15087 23 88 11
mv 3 15080 93 40 11
mv 3 15079 91 58 11
mv 3 15077 76 16 11
mv 3 15076 78 58 11
mv 3 15070 107 60 8
mv 3 15063 59 81 8
mv 3 15061 46 136 8
mv 3 15060 70 18 8
mv 3 15059 39 49 8
mv 3 15125 101 64 8
mv 3 15101 14 57 8
mv 3 15088 44 50 11
mv 3 15081 100 47 11
mv 3 15074 50 78 11
mv 3 15072 21 91 11
mv 3 15067 78 40 8
st 3 15083 94 0 100 100 133703 5368
mv 3 15121 46 57 8
mv 3 15120 48 19 8
mv 3 15115 98 67 8
mv 3 15113 83 56 8
mv 3 15107 48 109 8
mv 3 15099 109 61 11
mv 3 15090 55 60 11
mv 3 15084 109 67 11
mv 3 15083 103 112 11
pst 2 173763 0 97 100 16150 11944 0 0 0
pst 2 173764 1 82 100 36817 26643 0 0 0
mv 3 15124 89 13 8
mv 3 15122 62 106 8
mv 3 15110 68 61 8
mv 3 15097 99 44 11
mv 3 15093 78 63 11
mv 3 15089 54 75 11
mv 3 15095 93 58 11
mv 3 15086 24 53 11
mv 3 15066 64 109 8
mv 3 15062 50 67 8
mv 2 15126 65 147 4
mv 3 15118 107 45 8
mv 3 15116 100 53 8
mv 3 15094 86 19 11
mv 3 15077 78 15 11
mv 3 15070 105 61 8
mv 3 15065 63 62 8
mv 3 15064 65 98 8
mv 3 15063 57 79 8
mv 3 15061 45 136 8
mv 3 15060 70 19 8
mv 3 15059 38 48 8
ncif 3 15083
mv 3 15114 93 34 8
mv 3 15109 54 70 8
mv 3 15098 106 108 11
mv 3 15088 44 49 11
mv 3 15081 102 49 11
mv 3 15072 19 93 11
mv 3 15067 79 41 8
mv 3 15123 84 57 8
mv 3 15113 84 56 8
mv 3 15104 43 34 8
mv 3 15099 108 61 11
mv 3 15084 108 66 11
mv 3 15073 22 71 11
mv 3 15071 108 41 8
pst 2 173763 0 97 100 16150 11944 0 0 0
pst 2 173764 1 82 100 36817 26643 0 0 0
st 3 15083 94 0 100 100 133703 5368
mv 3 15124 88 14 8
mv 3 15102 15 80 8
mv 3 15097 100 43 11
mv 3 15093 78 62 11
mv 3 15089 52 74 11
mv 3 15069 103 141 8
mv 3 15108 54 90 8
mv 3 15095 95 57 11
mv 3 15086 23 53 11
mv 3 15075 58 64 11
mv 3 15068 97 150 8
mv 3 15062 51 68 8
stat 18614 22260 24467 24467 0 74784
mv 3 15119 18 88 8
mv 3 15118 106 47 8
mv 3 15117 101 111 8
mv 3 15116 102 52 8
mv 3 15092 57 104 11
mv 3 15082 102 82 11
mv 3 15080 95 39 11
mv 3 15077 77 15 11
mv 3 15065 64 62 8
mv 3 15064 63 99 8
mv 3 15063 58 78 8
ncif 3 15083
mv 3 15125 103 66 8
mv 3 15109 55 69 8
mv 3 15098 104 109 11
mv 3 15078 86 26 11
mv 3 15074 49 80 11
mv 3 15072 20 94 11
mv 3 15067 78 41 8
mv 3 15123 83 58 8
mv 3 15115 96 68 8
mv 3 15113 83 56 8
mv 3 15104 41 36 8
mv 3 15090 56 62 11
mv 3 15084 109 64 11
mv 3 15073 22 72 11
mv 3 15071 107 40 8
pst 2 173763 0 98 100 16234 11944 0 0 0
pst 2 173764 1 82 100 36901 26643 0 0 0
st 3 15083 94 0 100 100 133703 5368
mv 3 15110 68 62 8
mv 3 15102 16 80 8
mv 3 15097 101 41 11
mv 3 15093 76 63 11
mv 3 15085 13 76 11
mv 3 15112 35 145 8
mv 3 15095 94 59 11
mv 3 15075 59 66 11
mv 3 15119 17 89 8
mv 3 15117 102 109 8
mv 3 15092 58 106 11
mv 3 15087 25 89 11
mv 3 15080 96 38 11
mv 3 15079 93 59 11
mv 3 15076 76 57 11
mv 3 15070 107 62 8
mv 3 15065 66 61 8
mv 3 15064 65 100 8
ncif 3 15083
mv 3 15109 55 68 8
mv 3 15101 15 56 8
mv 3 15091 54 92 11
mv 3 15088 46 47 11
mv 3 15078 85 27 11
mv 3 15074 50 80 11
mv 3 15113 83 55 8
mv 3 15107 49 110 8
mv 3 15104 43 35 8
mv 3 15096 98 14 11
mv 3 15083 101 114 11
mv 3 15073 21 71 11
mv 3 15071 108 41 8
pst 2 173763 0 98 100 16234 11944 0 0 0
pst 2 173764 1 82 100 36901 26643 0 0 0
st 3 15083 94 0 100 100 133703 5368
mv 3 15124 89 16 8
mv 3 15110 70 61 8
mv 3 15089 54 75 11
mv 3 15085 15 76 11
mv 3 15112 35 146 8
mv 3 15095 92 60 11
mv 3 15086 25 52 11
mv 3 15068 98 151 8
mv 3 15066 65 110 8
mv 3 15062 50 68 8
stat 18698 22260 24467 24467 0 74784
stat 18698 22260 24467 24467 0 74784
mv 3 15119 18 88 8
mv 3 15117 104 108 8
mv 3 15116 101 53 8
mv 3 15105 41 68 8
mv 3 15094 86 21 11
mv 3 15092 56 106 11
mv 3 15087 23 87 11
mv 3 15077 78 16 11
mv 3 15076 78 57 11
mv 3 15070 106 62 8
mv 3 15064 64 101 8
mv 3 15063 60 79 8
ncif 3 15083
mv 3 15125 102 65 8
mv 3 15114 95 36 8
mv 3 15109 57 68 8
mv 3 15098 104 107 11
mv 3 15091 55 92 11
mv 3 15074 51 78 11
mv 3 15072 21 93 11
mv 3 15123 84 57 8
mv 3 15121 47 58 8
mv 3 15120 47 17 8
mv 3 15115 94 68 8
mv 3 15107 50 109 8
mv 3 15084 110 66 11
mv 3 15073 22 72 11
pst 2 173763 0 98 100 16318 11944 0 0 0
pst 2 173764 1 82 100 36985 26643 0 0 0
st 3 15083 94 0 100 100 133703 5368
mv 3 15122 64 106 8
mv 3 15102 17 80 8
mv 3 15097 100 43 11
mv 3 15093 76 62 11
mv 3 15089 55 75 11
mv 3 15095 93 58 11
mv 3 15075 59 65 11
eff 2 173764 3007
mv 2 15126 66 146 4
mv 3 15118 105 48 8
mv 3 15117 104 110 8
mv 3 15116 101 54 8
mv 3 15092 56 105 11
mv 3 15087 24 86 11
mv 3 15080 95 37 11
mv 3 15079 91 57 11
mv 3 15077 79 17 11
mv 3 15076 77 59 11
mv 3 15059 38 47 8
ncif 3 15083
mv 3 15125 101 66 8
mv 3 15098 106 106 11
mv 3 15091 57 93 11
mv 3 15088 45 47 11
mv 3 15081 102 50 11
mv 3 15078 86 28 11
mv 3 15074 49 80 11
mv 3 15067 76 42 8
mv 3 15123 82 58 8
mv 3 15121 47 59 8
mv 3 15120 48 17 8
mv 3 15113 82 55 8
mv 3 15107 51 108 8
mv 3 15104 44 35 8
mv 3 15073 23 73 11
pst 2 173763 0 98 100 16318 11944 0 0 0
pst 2 173764 1 82 100 36985 26643 0 0 0
st 3 15083 94 0 100 100 133703 5368
mv 3 15124 88 15 8
mv 3 15122 65 105 8
mv 3 15110 70 60 8
mv 3 15093 78 63 11
mv 3 15089 54 73 11
mv 3 15069 105 143 8
ncif 2 15126
mv 3 15112 34 147 8
mv 3 15108 53 88 8
mv 3 15095 91 58 11
mv 3 15068 96 150 8
mv 3 15066 67 109 8
mv 3 15062 51 67 8
mv 2 15126 65 148 4
stat 18782 22260 24467 24467 0 74784
mv 3 15119 17 88 8
mv 3 15118 105 47 8
mv 3 15117 104 109 8
mv 3 15116 100 56 8
mv 3 15105 43 69 8
mv 3 15094 84 21 11
mv 3 15092 56 106 11
mv 3 15087 26 88 11
mv 3 15080 96 38 11
mv 3 15077 77 16 11
mv 3 15070 108 62 8
mv 3 15065 65 63 8
mv 3 15061 46 137 8
st 2 15126 99 0 100 100 118240 3270
mv 3 15125 103 65 8
mv 3 15101 14 58 8
mv 3 15088 45 48 11
mv 3 15081 100 49 11
mv 3 15078 84 28 11
mv 3 15074 49 82 11
mv 3 15072 23 95 11
mv 3 15067 76 44 8
ncif 2 15126
mv 3 15123 84 59 8
mv 3 15121 46 59 8
mv 3 15115 96 66 8
mv 3 15096 96 15 11
mv 3 15090 55 61 11
mv 3 15083 103 114 11
mv 3 15073 23 75 11
mv 3 15071 107 43 8
pst 2 173763 0 99 100 16402 11944 0 0 0
pst 2 173764 1 82 100 37069 26643 0 0 0
mv 3 15124 89 15 8
mv 3 15097 100 41 11
mv 3 15093 76 61 11
mv 3 15085 13 75 11
mv 3 15108 55 90 8
mv 3 15095 93 59 11
mv 3 15086 25 54 11
mv 3 15075 59 67 11
mv 3 15068 96 148 8
mv 3 15062 51 69 8
mv 2 15126 64 149 4
st 2 15126 99 0 100 100 118240 3270
mv 3 15118 106 45 8
mv 3 15117 104 111 8
mv 3 15092 55 107 11
mv 3 15082 100 84 11
mv 3 15080 95 37 11
mv 3 15079 89 59 11
mv 3 15065 66 62 8
mv 3 15061 44 137 8
mv 3 15059 40 47 8
mv 3 15114 95 35 8
mv 3 15109 55 69 8
mv 3 15101 14 57 8
mv 3 15091 55 94 11
mv 3 15081 100 47 11
mv 3 15078 85 27 11
mv 3 15072 21 95 11
mv 3 15067 76 42 8
mv 3 15120 46 18 8
mv 3 15113 83 53 8
mv 3 15104 43 37 8
mv 3 15099 107 60 11
mv 3 15096 95 16 11
mv 3 15084 111 67 11
mv 3 15083 102 113 11
mv 3 15073 23 74 11
mv 3 15071 108 42 8
pst 2 173763 0 99 100 16402 11944 0 0 0
pst 2 173764 1 82 100 37069 26643 0 0 0
ncif 2 15126
mv 3 15124 88 15 8
mv 3 15102 16 81 8
mv 3 15093 77 59 11
mv 3 15085 12 74 11
mv 3 15069 103 143 8
mv 3 15112 34 145 8
mv 3 15108 56 92 8
mv 3 15095 95 57 11
mv 3 15068 98 150 8
mv 3 15066 67 111 8
mv 3 15062 52 69 8
mv 2 15126 66 148 4
st 2 15126 99 0 100 100 118240 3270
stat 18866 22260 24467 24467 0 74784
stat 18866 22260 24467 24467 0 74784
mv 3 15119 19 89 8
mv 3 15117 103 109 8
mv 3 15094 83 19 11
mv 3 15087 26 87 11
mv 3 15082 99 86 11
mv 3 15080 93 39 11
mv 3 15079 91 58 11
mv 3 15076 77 60 11
mv 3 15070 107 60 8
mv 3 15065 66 64 8
mv 3 15064 62 99 8
mv 3 15059 39 49 8
mv 3 15114 94 34 8
mv 3 15109 53 71 8
mv 3 15091 56 92 11
mv 3 15088 43 49 11
mv 3 15081 100 48 11
mv 3 15074 50 80 11
mv 3 15067 76 43 8
mv 3 15123 83 59 8
mv 3 15120 47 19 8
mv 3 15115 95 65 8
mv 3 15113 83 55 8
mv 3 15107 50 108 8
mv 3 15104 42 37 8
mv 3 15099 107 59 11
mv 3 15096 97 17 11
mv 3 15084 110 65 11
mv 3 15083 100 112 11
pst 2 173763 0 99 100 16486 11944 0 0 0
pst 2 173764 1 82 100 37153 26643 0 0 0
ncif 2 15126
mv 3 15110 69 59 8
mv 3 15102 17 81 8
mv 3 15089 56 73 11
mv 3 15069 105 145 8
mv 3 15108 55 91 8
mv 3 15095 93 58 11
mv 3 15086 23 52 11
mv 3 15062 52 68 8
st 2 15126 99 0 100 100 118240 3270
mv 3 15119 18 91 8
mv 3 15105 41 70 8
mv 3 15087 25 86 11
mv 3 15082 100 85 11
mv 3 15079 93 57 11
mv 3 15076 77 58 11
mv 3 15065 64 63 8
mv 3 15063 59 79 8
mv 3 15059 40 47 8
mv 3 15125 101 64 8
mv 3 15109 54 69 8
mv 3 15101 15 56 8
mv 3 15098 108 106 11
mv 3 15078 86 29 11
mv 3 15072 20 94 11
mv 3 15067 77 42 8
mv 3 15121 46 58 8
mv 3 15115 96 67 8
mv 3 15104 41 35 8
mv 3 15099 109 58 11
mv 3 15084 108 65 11
mv 3 15083 102 112 11
mv 3 15071 106 40 8
pst 2 173763 0 99 100 16486 11944 0 0 0
pst 2 173764 1 82 100 37153 26643 0 0 0
mv 3 15122 64 105 8
mv 3 15110 67 58 8
mv 3 15089 55 74 11
mv 3 15086 23 53 11
mv 3 15066 68 113 8
eff 2 173764 3007
mv 2 15126 68 146 4
stat 18950 22260 24467 24467 0 74784
mv 3 15119 20 91 8
mv 3 15117 102 107 8
mv 3 15116 102 54 8
mv 3 15087 25 88 11
mv 3 15080 93 40 11
mv 3 15076 77 57 11
mv 3 15065 66 61 8
mv 3 15064 64 101 8
mv 3 15059 38 49 8
