select 0
OK
game_start
lbs 0
tit Mago
fd 7174539 0 50 1
fd 7174539 27 50 1
c_close 1
equip 77 87 0.4965.7.7.0.3 1.4950.7.8.0.0 2.4975.0.0.0.0 3.4038.0.6.0.0 4.4043.0.6.0.0 5.4962.7.4.0.0 6.4835.0.0.0.0 7.4836.0.0.0.0 8.4837.0.0.0.0 9.4846.0.0.0.0 10.4129.0.0.0.0 12.4502.0.13.21.0 13.8206.0.0.0.0 14.4365.0.0.0.0 15.4373.0.0.0.0 16.4443.0.0.0.0
lev 99 0 80 1085 2140719000 790000 7174539 4 8949636 40 15684900 0
stat 22260 22260 24467 24467 0 75040
ski 260 261 260 261 262 263 265 266 267 268 270 271 272 273 274 275 277 237 695|3 21 26 30 38 42 46 50 53 58 60 90 94 96 97 98 99 100 111 112 103 104 105 370 371 372 374 376 380 381 382 383 284 285 287 288 289 290 291 294
cond 1 538316 0 0 12
at 538316 2636 65 86 2 0 116 1 -1
c_map 0 2636 1
sc 2 7 1154 1267 143 0 0 1 4 1067 1163 972 13 210 8 636 788 726 778 797 76 104 76 104
cond 1 538316 0 0 12
pairy 1 538316 4 1 85 40
rsfi 7 1 10 10 10 10
rage 0 250000
rank_cool 0 0 18000
sp 908184 1000000 6503 10000
scr 24 2 31 0 0 0 0
bn 0 El^equipo^de^Nostale^nunca^te^pedirá^la^contraseña
bn 1 Soporte^de^Nostale:^http://support.nostale.org
bn 2 Visita^nuestro^foro:^http://board.nostale.org
bn 3 Desde^el^foro^tendrás^un^acceso^al^irc
bn 4 ¿Quieres^ser^GM?Revisa^el^foro^para^más^información
bn 5 No^visites^páginas^de^usuarios^ofreciendo^Nos$
bn 6 ¿Asuntos^de^pago?^Visita^https://billing.gameforge.com/
bn 7 Reglas^del^juego:^Visita^el^foro^>^Noticias
bn 8 Los^jugadores^que^compren^oro^serán^baneados
bn 9 El^equipo^de^Nostale^nunca^te^pedirá^la^contraseña
evtb 0 0 0 0 0 0 1 1 1 1 0 0
exts 0 120 120 120
mlinfo 3800 2000 100 0 2701 10 0 Melodía^de^primavera LISTEN^TO^THE^STEREO!!^TONIGHT!^TONIGHT!^TONIGHT!
cond 2 164123 0 0 8
cond 2 164123 0 0 8
cond 2 164122 0 0 10
cond 2 164122 0 0 10
cond 2 164121 0 0 10
cond 2 164121 0 0 10
cond 2 164120 0 0 8
cond 2 164120 0 0 8
cond 2 164119 0 0 8
cond 2 164119 0 0 8
cond 2 164118 0 0 11
cond 2 164118 0 0 11
cond 2 164117 0 0 6
cond 2 164117 0 0 6
cond 2 164116 0 0 10
cond 2 164116 0 0 10
cond 2 164115 0 0 9
cond 2 164115 0 0 9
cond 2 164114 0 0 11
cond 2 164114 0 0 11
cond 2 164114 0 0 11
cond 2 164114 0 0 11
sc_n 3 2618 164114 94 1000 226485876 990.5.4 997.6.4 -1 -1 0 0 0 4 819 899 617 12 200 4 599 571 473 571 334 2 0 0 0 0 26570 30570 3503 3503 0 291503800 Ragnar 2703 1 4818.100 1292.5 1293.6 1294.7
sc_n 3 2618 164114 94 1000 226485876 990.5.4 997.6.4 -1 -1 0 0 0 4 819 899 617 12 200 4 599 571 473 571 334 2 5 5 5 5 26570 26570 3503 3503 0 291503800 Ragnar 2703 1 4818.100 1292.5 1293.6 1294.7
cond 2 164114 0 0 11
sc_n 3 2618 164114 94 1000 226485876 990.5.4 997.6.4 -1 -1 0 0 0 4 819 899 617 12 200 4 599 571 473 571 334 2 0 0 0 0 26570 30570 3503 3503 0 291503800 Ragnar 2703 1 4818.100 1292.5 1293.6 1294.7
cond 2 164113 0 0 11
cond 2 164113 0 0 11
cond 2 164112 0 0 10
cond 2 164112 0 0 10
cond 2 164111 0 0 10
cond 2 164111 0 0 10
cond 2 164110 0 0 10
cond 2 164110 0 0 10
cond 2 164109 0 0 13
cond 2 164109 0 0 13
cond 2 164108 0 0 13
cond 2 164108 0 0 13
cond 2 164107 0 0 10
cond 2 164107 0 0 10
cond 2 164106 0 0 10
cond 2 164106 0 0 10
cond 2 164105 0 0 10
cond 2 164105 0 0 10
cond 2 164104 0 0 6
cond 2 164104 0 0 6
cond 2 164103 0 0 10
cond 2 164103 0 0 10
cond 2 164102 0 0 12
cond 2 164102 0 0 12
cond 2 164101 0 0 11
cond 2 164101 0 0 11
cond 2 164101 0 0 11
cond 2 164101 0 0 11
cond 2 164100 0 0 11
cond 2 164100 0 0 11
cond 2 164099 0 0 9
cond 2 164099 0 0 9
cond 2 164098 0 0 9
cond 2 164098 0 0 9
cond 2 164097 0 0 9
cond 2 164097 0 0 9
cond 2 164096 0 0 10
cond 2 164096 0 0 10
cond 2 164095 0 0 10
cond 2 164095 0 0 10
cond 2 164094 0 0 12
cond 2 164094 0 0 12
cond 2 164093 0 0 11
cond 2 164093 0 0 11
cond 2 164093 0 0 11
cond 2 164093 0 0 11
sc_n 2 319 164093 94 1000 1 -1 997.5.2 -1 -1 0 0 0 0 242 242 140 0 0 2 594 573 456 573 367 0 0 0 0 0 34861 34861 10244 10244 0 291503800 Kliff 1102 1 -1 -1 -1 -1
cond 2 164092 0 0 11
cond 2 164092 0 0 11
cond 2 164092 0 0 11
sc_n 1 2640 164092 94 1000 242950 991.7.5 996.2.4 -1 -1 0 0 1 5 871 931 921 13 200 0 84 223 111 223 98 1 0 0 0 0 16510 15310 11944 11944 1 291503800 Jennifer -1 1 4812.100 1318.2 1319.4 1320.7
sc_n 1 2640 164092 94 1000 242950 991.7.5 996.2.4 -1 -1 0 0 1 5 871 931 921 13 200 4 289 619 344 619 299 1 0 0 0 0 16510 15310 10544 10544 1 291503800 Jennifer -1 1 4812.100 1318.2 1319.4 1320.7
cond 2 164092 0 0 11
sc_n 1 2640 164092 94 1000 242950 991.7.5 996.2.4 -1 -1 0 0 1 5 871 931 921 13 200 0 84 223 111 223 98 1 0 0 0 0 16510 15310 10544 11944 1 291503800 Jennifer -1 1 4812.100 1318.2 1319.4 1320.7
sc_n 1 2640 164092 94 1000 242950 991.7.5 996.2.4 -1 -1 0 0 1 5 871 931 921 13 200 4 320 772 396 772 375 1 0 0 0 0 16510 16510 10544 11944 1 291503800 Jennifer -1 1 4812.100 1318.2 1319.4 1320.7
sc_n 1 2640 164092 94 1000 242950 991.7.5 996.2.4 -1 -1 0 0 1 5 871 931 921 13 200 4 320 772 396 772 375 1 0 0 0 0 16510 16510 10544 10544 1 291503800 Jennifer -1 1 4812.100 1318.2 1319.4 1320.7
sc_n 1 2640 164092 94 1000 242950 991.7.5 996.2.4 -1 -1 0 0 1 5 871 931 921 13 200 4 320 692 396 692 375 1 0 0 0 0 15310 15310 10544 10544 1 291503800 Jennifer -1 1 4812.100 1318.2 1319.4 1320.7
cond 2 164092 0 0 11
sc_n 1 2640 164092 94 1000 242950 991.7.5 996.2.4 -1 -1 0 0 1 5 871 931 921 13 200 0 84 223 111 223 98 1 0 0 0 0 15310 15310 10544 11944 1 291503800 Jennifer -1 1 4812.100 1318.2 1319.4 1320.7
sc_n 1 2640 164092 94 1000 242950 991.7.5 996.2.4 -1 -1 0 0 1 5 871 931 921 13 200 4 320 772 396 772 375 1 0 0 0 0 15310 16510 10544 11944 1 291503800 Jennifer -1 1 4812.100 1318.2 1319.4 1320.7
cond 2 164091 0 0 12
cond 2 164091 0 0 12
cond 2 164091 0 0 12
sc_n 0 2620 164091 94 1000 5780688 992.3.0 995.6.10 -1 -1 0 0 2 0 683 773 70 0 0 0 65 177 88 177 107 2 0 0 0 0 9401 9401 12447 17447 0 291503800 Erdimien 2704 1 4810.100 1315.4 1316.1 1317.6
sc_n 0 2620 164091 94 1000 5780688 992.3.0 995.6.10 -1 -1 0 0 2 0 683 773 70 0 0 10 270 573 321 573 308 2 0 0 0 0 9401 9401 12447 12447 0 291503800 Erdimien 2704 1 4810.100 1315.4 1316.1 1317.6
cond 2 164091 0 0 12
sc_n 0 2620 164091 94 1000 5780688 992.3.0 995.6.10 -1 -1 0 0 2 0 683 773 70 0 0 0 65 177 88 177 107 2 0 0 0 0 9401 9401 12447 17447 0 291503800 Erdimien 2704 1 4810.100 1315.4 1316.1 1317.6
sc_n 0 2620 164091 94 1000 5780688 992.3.0 995.6.10 -1 -1 0 0 2 0 683 773 70 0 0 10 250 481 302 481 373 2 0 0 0 0 9401 13401 12447 17447 0 291503800 Erdimien 2704 1 4810.100 1315.4 1316.1 1317.6
sc_n 0 2620 164091 94 1000 5780688 992.3.0 995.6.10 -1 -1 0 0 2 0 683 773 70 0 0 10 250 481 302 481 373 2 2 2 2 2 9401 13401 12447 12447 0 291503800 Erdimien 2704 1 4810.100 1315.4 1316.1 1317.6
sc_n 0 2620 164091 94 1000 5780688 992.3.0 995.6.10 -1 -1 0 0 2 0 683 773 70 0 0 10 250 481 302 481 373 2 2 2 2 2 9401 9401 12447 12447 0 291503800 Erdimien 2704 1 4810.100 1315.4 1316.1 1317.6
cond 2 164091 0 0 12
sc_n 0 2620 164091 94 1000 5780688 992.3.0 995.6.10 -1 -1 0 0 2 0 683 773 70 0 0 0 65 177 88 177 107 2 0 0 0 0 9401 9401 12447 17447 0 291503800 Erdimien 2704 1 4810.100 1315.4 1316.1 1317.6
sc_n 0 2620 164091 94 1000 5780688 992.3.0 995.6.10 -1 -1 0 0 2 0 683 773 70 0 0 10 250 481 302 481 373 2 0 0 0 0 9401 13401 12447 17447 0 291503800 Erdimien 2704 1 4810.100 1315.4 1316.1 1317.6
cond 2 164090 0 0 13
cond 2 164090 0 0 13
p_clear
sc_p 8 158 164123 12 1000 148 2 0 132 232 70 2 70 0 50 89 50 89 51 1 80 -30 40 10 751 751 402 402 0 2457 0 Ardilla^fumigadora 0
sc_p 27 448 164122 1 1000 0 0 0 42 45 32 14 90 0 48 41 37 41 23 0 5 10 2 15 156 156 10 10 0 15 0 Hada^graslin 0
sc_p 14 156 164121 23 1000 4900 0 0 170 224 162 4 70 0 88 166 93 166 73 3 70 70 70 70 2346 2346 363 363 0 25680 0 Ardilla^marrón 0
sc_p 29 176 164120 1 1000 0 0 0 30 38 30 4 70 0 17 34 19 34 17 2 0 0 0 0 121 121 60 60 0 15 0 Ardilla^Santa 0
sc_p 0 535 164119 24 1000 24840 2 0 136 202 70 14 75 0 86 159 94 159 85 2 -10 8 5 4 865 865 382 382 0 29430 0 Muñeco^de^Nieve 0
sc_p 10 803 164118 2 1000 5 0 0 35 67 35 10 100 0 20 39 22 39 19 3 70 50 70 50 499 499 65 65 0 42 0 Chick^Norris 0
sc_p 2 567 164117 1 1000 0 1 0 41 48 44 10 150 0 18 31 17 31 13 2 5 5 5 5 168 168 24 24 0 15 0 Hada^oval 0
sc_p 18 824 164116 1 1000 0 0 0 70 138 30 6 100 0 27 34 29 34 32 2 4 22 6 6 321 321 60 60 0 15 0 Jelly^saltarín^jove 0
sc_p 16 801 164115 2 1000 35 0 0 46 51 37 14 90 0 50 46 40 46 25 3 5 2 10 15 175 175 15 15 0 42 0 Chicky^saltador 0
sc_n 3 2618 164114 94 1000 226485876 990.5.4 997.6.4 -1 -1 0 0 0 4 819 899 617 12 200 4 599 571 473 571 334 2 5 5 5 5 26570 30570 3503 3503 0 291503800 Ragnar 2703 1 4818.100 1292.5 1293.6 1294.7
sc_p 3 2701 164113 94 1000 62984 1 0 562 720 748 8 200 0 313 564 327 564 243 1 10 0 10 10 20838 20838 2040 2040 0 72875950 1 Mecanigato 0
sc_p 17 752 164112 1 1000 0 0 0 40 63 34 2 60 0 25 34 24 34 22 1 55 35 40 40 450 450 60 60 0 15 0 Ardilla^toro 0
sc_p 19 840 164111 1 1000 0 0 0 55 88 40 5 70 0 42 35 54 35 27 2 1 5 3 2 341 341 60 60 0 15 0 Leo,^el^Cobarde 0
sc_p 7 2119 164110 14 1000 168 0 0 143 213 108 10 70 0 70 109 65 109 57 3 20 50 70 40 1361 1361 240 240 0 3720 0 Oveja^amarilla 0
sc_p 26 846 164109 1 1000 0 0 0 130 188 90 5 160 0 17 54 19 54 17 1 80 45 55 60 221 221 60 60 0 15 0 Teo^Terciopié 0
sc_p 11 2683 164108 91 1000 36268 1 0 615 782 814 4 70 0 298 601 334 601 294 3 60 70 80 60 21300 21300 10550 10550 0 55644450 1 Almirante^Ojo^de^Ág 1
sc_p 24 844 164107 1 1000 0 2 0 140 168 70 0 0 0 17 34 19 34 17 3 60 50 80 50 271 271 60 60 0 15 0 Ardilla^cowboy 0
sc_p 28 843 164106 1 1000 0 0 0 130 168 90 10 140 0 17 34 19 34 17 2 50 80 60 50 331 331 60 60 0 15 0 Ardilla^vikinga 0
sc_p 15 824 164105 1 1000 0 0 0 70 138 30 6 100 0 27 34 29 34 32 2 4 22 6 6 321 321 60 60 0 15 0 Jelly^saltarín^jove 0
sc_p 12 581 164104 1 1000 0 2 0 70 155 70 4 70 0 17 34 19 34 17 2 20 60 50 50 261 261 60 60 0 15 0 Ardilla^marinera 0
sc_p 25 614 164103 1 1000 0 2 0 71 157 70 2 70 0 17 34 19 34 17 1 80 50 50 60 221 221 60 60 0 15 0 Ardilla^de^unidad^e 0
sc_p 5 1384 164102 90 1000 7308 2 1 633 795 70 4 70 4 331 479 272 479 309 0 50 40 20 70 35480 35480 12147 12147 0 50142850 1 Ardilla^calabaza 0
sc_n 4 2641 164101 94 1000 1 -1 -1 -1 -1 0 0 1 0 214 214 428 0 0 0 88 214 107 214 88 3 0 0 0 0 16921 16921 8410 8410 0 291503800 Amora^sin^alas -1 0 -1 -1 -1 -1
sc_p 4 828 164100 93 1000 1059040 0 0 633 827 532 12 150 0 354 531 312 531 288 2 60 80 70 60 37936 37936 4582 4582 0 67009700 0 Kagome 0
sc_p 6 830 164099 15 1000 3955 0 0 117 154 104 4 70 2 67 113 65 113 55 3 40 40 40 40 1225 1225 195 195 0 5256 0 Rudi^Rabauke^joven 0
sc_p 20 2106 164098 6 1000 230 0 0 73 97 56 4 70 0 38 65 36 65 34 1 40 40 40 40 470 470 108 108 0 420 0 Pavesa 0
sc_p 1 664 164097 10 1000 91 0 0 97 132 82 10 150 0 43 117 47 117 38 1 50 50 50 50 706 706 128 128 0 1518 0 Conejo^entrañable 0
sc_p 23 824 164096 1 1000 0 0 0 70 138 30 6 100 0 27 34 29 34 32 2 4 22 6 6 321 321 60 60 0 15 0 Jelly^saltarín^jove 0
sc_p 21 3107 164095 93 1000 1 0 0 540 716 560 4 70 0 306 564 322 564 255 3 60 80 70 70 20638 20638 3503 3503 0 67009700 0 Picaña^dócil 0
sc_p 13 670 164094 95 324 31210465 2 0 660 830 70 4 70 6 372 592 337 592 389 2 60 80 70 60 44836 44836 26643 26643 1 78866350 1 Widersito 1
sc_n 2 319 164093 94 1000 1 -1 997.5.2 -1 -1 0 0 0 0 242 242 140 0 0 2 594 573 456 573 367 0 5 5 5 5 34861 34861 10244 10244 0 291503800 Kliff 1102 1 -1 -1 -1 -1
sc_n 1 2640 164092 94 1000 242950 991.7.5 996.2.4 -1 -1 0 0 1 5 871 931 921 13 200 4 320 772 396 772 375 1 0 0 0 0 15310 16510 10544 11944 1 291503800 Jennifer -1 1 4812.100 1318.2 1319.4 1320.7
sc_n 0 2620 164091 94 1000 5780688 992.3.0 995.6.10 -1 -1 0 0 2 0 683 773 70 0 0 10 250 481 302 481 373 2 2 2 2 2 9401 13401 12447 17447 0 291503800 Erdimien 2704 1 4810.100 1315.4 1316.1 1317.6
sc_p 9 769 164090 1 1000 0 0 0 130 150 55 15 180 0 32 35 37 35 13 0 20 20 20 20 350 350 60 60 0 15 0 Ardilla^boxeadora 0
sc_p_stc 3 2
npinfo 0
ctl 2 164092 3
in 2 2640 164092 66 86 2 92 88 0 0 3 538316 1 0 -1 Jennifer 1 1 0 0 0 0 0 0 0 0
cond 2 164092 0 0 11
ski 260 261 260 261 262 263 265 266 267 268 270 271 272 273 274 275 277 237 1488 1489 695|3 21 26 30 38 42 46 50 53 58 60 90 94 96 97 98 99 100 111 112 103 104 105 370 371 372 374 376 380 381 382 383 284 285 287 288 289 290 291 294
qslot 0 0.1.0 0.2.31 0.-1.-1 1.1.13 1.1.12 1.1.15 1.3.12 1.1.10 1.3.11 0.-1.-1 1.1.2 1.1.3 1.1.5 1.1.7 1.1.17 1.1.14 1.1.39 1.1.38 1.1.11 0.1.119 0.-1.-1 0.1.119 0.1.119 0.1.119 0.1.119 0.1.28 0.1.119 0.0.53 0.0.59 1.1.41
qslot 1 0.1.1 0.1.119 0.1.9 7.7.-1 7.7.-1 7.7.-1 7.7.-1 7.7.-1 7.7.-1 7.7.-1 1.1.8 1.1.1 7.7.-1 7.7.-1 7.7.-1 7.7.-1 7.7.-1 7.7.-1 7.7.-1 7.7.-1 7.7.-1 7.7.-1 7.7.-1 7.7.-1 7.7.-1 7.7.-1 7.7.-1 7.7.-1 7.7.-1 7.7.-1
ctl 2 164094 3
in 2 670 164094 66 86 2 100 100 0 0 3 538316 1 0 -1 Widersito 2 -1 0 0 0 0 0 0 0 0
cond 2 164094 0 0 12
sc_p_stc 3 2
npinfo 0
sc_p 13 670 164094 95 324 31210465 2 0 660 830 70 4 70 6 372 592 337 592 389 2 60 80 70 60 44836 44836 26643 26643 1 78866350 1 Widersito 1
petski -1
title 10.1 5.1 9.1 8.1 4.1 7.1 6.1 3.1 2.1 1.1 0.3 11.1 100.5 80.1
titinfo 1 538316 9300 9400
zzim
umi 5060.676 5675.-1 5676.-1 5677.-1 5797.-1
ib 1278 1
qstlist 6.6090.0.4.0.10.0.0.10.0.0.0.0.0.0.0 7.6227.0.4.0.15.0.0.15.0.15.0.0.0.0.0 8.7633.0.1.0.1.0.0.1.0.0.0.0.0.0.0 9.6248.0.12.0.0.0.0.0.0.0.0.0.0.0.0 11.7624.0.1.0.1.0.0.0.0.0.0.0.0.0.0 13.6721.0.14.0.1.0.0.0.0.0.0.0.0.0.0
sqst  0 0000000000000000000000000000000000000000000000000000000000000000000000000000000000000000000000000000000000000000000000000000000000000000000000000000000000000000000000000000000000000000000000000000000000000000000000000000000000000000000000000000000000
sqst  1 00000000000000000000000000000000000000000000000000000000000000000000000000000000000000000000000000000000000000000000000000000O0000000000000000000000000000000000000000000000000000000000000000000000000000000000000000000000000000000000000000000000000000
sqst  2 0000000000000000000000000000000000000000000000000000000000000000000000000000000000000000000000000000000000000000000000000000000000000000000000000000000000000000000000000000000000000000000000000000000000000000000000000000000000000000000000000000000000
sqst  3 00000000000000000000000000000000000000000000000000000000000000000000000000000000000U}}t}}V}O}0000000000000000000000X0}060X00O}00000000000000000000000000000000006000000000000000000000000000000000000000000000000000000000000000000000000zW000000000000000
sqst  4 01UX00O}}}}}}}}0000000V}XU}}}}}}}}}}}l00UX000000000000VW000000000000000000000000000U}}z}}}}}}}}}}z}zV}}}l000000000000O}}y}}Z000000000000000000000000000000000000000000000000000000000000000000000000000000000000000000000000000000000000000000000000000000
sqst  5 0000000000000000000000000000000000000000000000000000000000000000000000000000000000000000000000000000000000000000000000000000000000000000000000000000000000000000000000000000000000000000000000000000000000000000000000000000000000000000000000000000000000
sqst  6 0000000000000000000000000000000000000000000000000000000000000000000000000000000000000000000000000000000000000000000000000000000000000000000000000000000000000000000000000000000000000000000000000000000000000000000000000000000000000000000000000000000000
eq 538316 0 0 3 97 3 4975.4950.4965.4962.4846.4129.8206.4365.4373.4443 77 87 10
act6 
mv 3 15342 108 53 11
mv 3 15340 99 88 11
mv 3 15322 97 31 11
mv 3 15320 77 24 11
mv 3 15314 130 32 8
mv 3 15302 89 77 8
mv 3 15298 77 46 8
fmi 0|9000|2|0|0 0|9002|2|0|0 0|9003|2|0|0 0|9004|2|9|134 0|9005|1|20191216|137 0|9006|2|0|244 0|9007|2|0|14 0|9008|2|3|42 0|9009|2|3|9 0|9010|2|0|13 0|9011|2|2|4 0|9012|2|4|4 0|9013|2|4|48 0|9014|1|20191216|91 0|9015|1|20191216|45 0|9016|2|2|43 0|9017|2|9|239 1|9018|1|20190403|0 1|9019|1|20190403|0 1|9020|1|20190403|0 1|9021|1|20190403|0 1|9022|1|20190403|0 1|9023|1|20190403|0 1|9024|1|20190403|0 1|9025|1|20190403|0 1|9026|1|20190403|0 1|9027|1|20190611|0 1|9028|1|20190911|0 1|9029|2|0|0 1|9037|1|20190403|0 1|9038|1|20190413|0 1|9039|1|20190611|0 1|9040|2|700|0 1|9042|1|20190703|0 1|9043|1|20190706|0 1|9044|1|20190713|0 1|9045|1|20190807|0 1|9046|2|2787|0 1|9047|1|20190703|0 1|9048|1|20190706|0 1|9049|1|20190713|0 1|9050|1|20190807|0 1|9051|2|1454|0 1|9052|1|20190407|0 1|9053|1|20190508|0 1|9054|2|588|0 1|9055|1|20190405|0 1|9056|1|20190417|0 1|9057|1|20190516|0 1|9058|1|20190922|0 1|9059|2|148|0 1|9060|1|20190405|0 1|9061|1|20190419|0 1|9062|1|20190519|0 1|9063|1|20190822|0 1|9064|2|151|0 1|9065|1|20190403|0 1|9066|1|20190415|0 1|9067|1|20190518|0 1|9068|1|20191007|0 1|9069|2|131|0 1|9070|1|20190403|0 1|9071|1|20190416|0 1|9072|1|20190508|0 1|9073|1|20190811|0 1|9074|2|158|0 0|9075|2|0|239 0|9076|2|0|117 0|9077|2|9|10 0|9078|2|0|205 0|9079|2|1|12
fmp 9695|0 9697|0 9688|0 9681|0 9686|0 9750|0 9740|0 9691|0 9735|0 9745|0
gcon 538316|1|0
gexp 415726|1719283 394409|792367 538316|17126 327663|169799 712452|82822 371984|382324 654329|912116 539788|246370 819684|114529 818429|559961 1040204|51678 352013|40552 732416|6675 193646|104922 520463|97315 805830|256318 72604|559098 57801|7708 638887|79032 62675|70253 60587|24686 668911|41797 158360|7872 557883|19495 710684|60881 256869|139001 546721|195687 751316|4040 365274|320087 123477|43195 495873|165652 239929|22075 807224|196146 92504|60241 462697|5500 409316|117767 583627|26568 593294|26892 597291|46555 892068|2000 723457|11073 416400|14758 105493|271432 691979|166757 52295|162785 433058|3366 758029|10941 818167|12273 806020|213968 660591|96386 1090443|299887 201818|80547 1380|50800 568160|25231 620230|48737 173626|80190 563233|20610 476043|65000 806166|26164 628176|22039 284237|30059 427154|44429 673691|8646 585529|15483 400770|57301 829343|75133 1049723|800 576169|6600 737565|4300 728314|21348 431562|6737 731333|7816 614945|27730 591747|18587 640457|28543 320657|2900 1049026|62103 559954|45645 730749|1233 541837|3000 777909|97348 1099020|5724 466183|32599 704336|52413 737845|48941 551950|25200 670667|75907 315486|1000 456755|7556 410152|19584 822387|38600 742191|0 796786|300 896356|300 838076|500 840311|0 411877|0
fs 2
mv 3 15345 81 77 11
mv 3 15325 109 35 11
mv 3 15308 109 73 8
mv 3 15297 72 41 8
mv 3 15281 119 49 10
mv 3 15277 93 27 10
p_clear
sc_p 8 158 164123 12 1000 148 2 0 132 232 70 2 70 0 50 89 50 89 51 1 80 -30 40 10 751 751 402 402 0 2457 0 Ardilla^fumigadora 0
sc_p 27 448 164122 1 1000 0 0 0 42 45 32 14 90 0 48 41 37 41 23 0 5 10 2 15 156 156 10 10 0 15 0 Hada^graslin 0
sc_p 14 156 164121 23 1000 4900 0 0 170 224 162 4 70 0 88 166 93 166 73 3 70 70 70 70 2346 2346 363 363 0 25680 0 Ardilla^marrón 0
sc_p 29 176 164120 1 1000 0 0 0 30 38 30 4 70 0 17 34 19 34 17 2 0 0 0 0 121 121 60 60 0 15 0 Ardilla^Santa 0
sc_p 0 535 164119 24 1000 24840 2 0 136 202 70 14 75 0 86 159 94 159 85 2 -10 8 5 4 865 865 382 382 0 29430 0 Muñeco^de^Nieve 0
sc_p 10 803 164118 2 1000 5 0 0 35 67 35 10 100 0 20 39 22 39 19 3 70 50 70 50 499 499 65 65 0 42 0 Chick^Norris 0
sc_p 2 567 164117 1 1000 0 1 0 41 48 44 10 150 0 18 31 17 31 13 2 5 5 5 5 168 168 24 24 0 15 0 Hada^oval 0
sc_p 18 824 164116 1 1000 0 0 0 70 138 30 6 100 0 27 34 29 34 32 2 4 22 6 6 321 321 60 60 0 15 0 Jelly^saltarín^jove 0
sc_p 16 801 164115 2 1000 35 0 0 46 51 37 14 90 0 50 46 40 46 25 3 5 2 10 15 175 175 15 15 0 42 0 Chicky^saltador 0
sc_n 3 2618 164114 94 1000 226485876 990.5.4 997.6.4 -1 -1 0 0 0 4 819 899 617 12 200 4 599 571 473 571 334 2 5 5 5 5 26570 30570 3503 3503 0 291503800 Ragnar 2703 1 4818.100 1292.5 1293.6 1294.7
sc_p 3 2701 164113 94 1000 62984 1 0 562 720 748 8 200 0 313 564 327 564 243 1 10 0 10 10 20838 20838 2040 2040 0 72875950 1 Mecanigato 0
sc_p 17 752 164112 1 1000 0 0 0 40 63 34 2 60 0 25 34 24 34 22 1 55 35 40 40 450 450 60 60 0 15 0 Ardilla^toro 0
sc_p 19 840 164111 1 1000 0 0 0 55 88 40 5 70 0 42 35 54 35 27 2 1 5 3 2 341 341 60 60 0 15 0 Leo,^el^Cobarde 0
sc_p 7 2119 164110 14 1000 168 0 0 143 213 108 10 70 0 70 109 65 109 57 3 20 50 70 40 1361 1361 240 240 0 3720 0 Oveja^amarilla 0
sc_p 26 846 164109 1 1000 0 0 0 130 188 90 5 160 0 17 54 19 54 17 1 80 45 55 60 221 221 60 60 0 15 0 Teo^Terciopié 0
sc_p 11 2683 164108 91 1000 36268 1 0 615 782 814 4 70 0 298 601 334 601 294 3 60 70 80 60 21300 21300 10550 10550 0 55644450 1 Almirante^Ojo^de^Ág 1
sc_p 24 844 164107 1 1000 0 2 0 140 168 70 0 0 0 17 34 19 34 17 3 60 50 80 50 271 271 60 60 0 15 0 Ardilla^cowboy 0
sc_p 28 843 164106 1 1000 0 0 0 130 168 90 10 140 0 17 34 19 34 17 2 50 80 60 50 331 331 60 60 0 15 0 Ardilla^vikinga 0
sc_p 15 824 164105 1 1000 0 0 0 70 138 30 6 100 0 27 34 29 34 32 2 4 22 6 6 321 321 60 60 0 15 0 Jelly^saltarín^jove 0
sc_p 12 581 164104 1 1000 0 2 0 70 155 70 4 70 0 17 34 19 34 17 2 20 60 50 50 261 261 60 60 0 15 0 Ardilla^marinera 0
sc_p 25 614 164103 1 1000 0 2 0 71 157 70 2 70 0 17 34 19 34 17 1 80 50 50 60 221 221 60 60 0 15 0 Ardilla^de^unidad^e 0
sc_p 5 1384 164102 90 1000 7308 2 1 633 795 70 4 70 4 331 479 272 479 309 0 50 40 20 70 35480 35480 12147 12147 0 50142850 1 Ardilla^calabaza 0
sc_n 4 2641 164101 94 1000 1 -1 -1 -1 -1 0 0 1 0 214 214 428 0 0 0 88 214 107 214 88 3 0 0 0 0 16921 16921 8410 8410 0 291503800 Amora^sin^alas -1 0 -1 -1 -1 -1
sc_p 4 828 164100 93 1000 1059040 0 0 633 827 532 12 150 0 354 531 312 531 288 2 60 80 70 60 37936 37936 4582 4582 0 67009700 0 Kagome 0
sc_p 6 830 164099 15 1000 3955 0 0 117 154 104 4 70 2 67 113 65 113 55 3 40 40 40 40 1225 1225 195 195 0 5256 0 Rudi^Rabauke^joven 0
sc_p 20 2106 164098 6 1000 230 0 0 73 97 56 4 70 0 38 65 36 65 34 1 40 40 40 40 470 470 108 108 0 420 0 Pavesa 0
sc_p 1 664 164097 10 1000 91 0 0 97 132 82 10 150 0 43 117 47 117 38 1 50 50 50 50 706 706 128 128 0 1518 0 Conejo^entrañable 0
sc_p 23 824 164096 1 1000 0 0 0 70 138 30 6 100 0 27 34 29 34 32 2 4 22 6 6 321 321 60 60 0 15 0 Jelly^saltarín^jove 0
sc_p 21 3107 164095 93 1000 1 0 0 540 716 560 4 70 0 306 564 322 564 255 3 60 80 70 70 20638 20638 3503 3503 0 67009700 0 Picaña^dócil 0
sc_p 13 670 164094 95 324 31210465 2 0 660 830 70 4 70 6 372 592 337 592 389 2 60 80 70 60 44836 44836 26643 26643 1 78866350 1 Widersito 1
sc_n 2 319 164093 94 1000 1 -1 997.5.2 -1 -1 0 0 0 0 242 242 140 0 0 2 594 573 456 573 367 0 5 5 5 5 34861 34861 10244 10244 0 291503800 Kliff 1102 1 -1 -1 -1 -1
sc_n 1 2640 164092 94 1000 242950 991.7.5 996.2.4 -1 -1 0 0 1 5 871 931 921 13 200 4 320 772 396 772 375 1 0 0 0 0 15310 16510 10544 11944 1 291503800 Jennifer -1 1 4812.100 1318.2 1319.4 1320.7
sc_n 0 2620 164091 94 1000 5780688 992.3.0 995.6.10 -1 -1 0 0 2 0 683 773 70 0 0 10 250 481 302 481 373 2 2 2 2 2 9401 13401 12447 17447 0 291503800 Erdimien 2704 1 4810.100 1315.4 1316.1 1317.6
sc_p 9 769 164090 1 1000 0 0 0 130 150 55 15 180 0 32 35 37 35 13 0 20 20 20 20 350 350 60 60 0 15 0 Ardilla^boxeadora 0
mv 3 15343 123 45 11
mv 3 15338 83 87 11
mv 3 15335 42 27 11
mv 3 15327 120 26 11
mv 3 15317 27 60 11
mv 3 15316 24 84 11
mv 3 15311 120 49 8
mv 3 15309 112 53 8
mv 3 15300 84 47 8
mv 3 15299 77 88 8
mv 3 15291 30 82 8
mv 3 15274 34 54 10
inv 0 0.204.0.0.0.0 1.221.0.0.0.0 2.4441.0.0.0.0 3.4699.0.0.0.0 4.4260.0.0.0.0 5.4268.0.0.0.0 42.4982.8.7.0.7 43.4504.0.0.0.0 44.4933.0.5.0.0 45.4931.0.6.0.0 47.8026.0.0.0.0 48.317.0.5.0.0 49.380.0.5.0.0 50.709.0.6.0.0 51.4956.7.7.0.0 52.4503.0.0.0.0 53.4950.7.0.0.0 54.321.0.5.0.0 55.388.0.5.0.0 56.4132.0.0.0.0 57.4131.0.0.0.0 58.275.0.0.0.0 59.4950.7.7.0.0
inv 1 0.5743.1 1.5319.1 2.5714.1 3.5332.1 4.5152.1 5.5836.1 6.1247.14 7.5195.3 8.1015.38 9.1242.43 10.1004.43 11.1016.72 12.5763.70 13.5862.20 14.5863.39 15.1429.93 16.1027.598 17.5911.6 18.1246.49 19.1211.3 20.5972.32 21.5977.1 22.1612.8 23.1078.177 24.5959.2 25.1615.33 26.5879.3 27.5769.1 29.5768.1 30.5785.2 31.5784.2 32.5786.3 33.5854.12 34.1013.193 35.1025.5 36.5755.19 37.1012.548 38.5806.1 39.1010.4 40.1248.5 41.5770.1 42.5853.83 43.1144.14 44.5855.18 45.5215.13 46.1249.7 47.1026.7 48.1285.3 49.1286.49 50.1092.20 51.5119.1 52.1014.27 53.5970.17 54.1900.13 55.1246.998 56.1247.999 57.1241.4 58.1009.8 59.1007.39 60.1617.41 61.1616.56 62.1614.15 63.1611.14 64.1618.24 65.1620.27 66.5821.2 67.1095.2 68.1619.26 69.1613.15 70.5216.13 71.1296.8 72.1093.3 73.5722.1 74.1235.1 75.5881.1 76.5880.1 77.5858.1
inv 2 0.2072.370 1.2070.368 2.2071.512 3.2522.1 4.2523.120 5.2206.42 6.2285.397 7.2029.272 8.2283.35 9.2284.32 10.2308.660 11.2296.371 12.2363.3 13.2077.34 14.2348.2 15.2402.2 16.2472.6 17.2027.97 18.2414.10 19.2398.2 20.2329.101 21.2512.426 22.2361.9 23.2406.49 24.2170.2 25.2365.3 26.2408.82 27.2282.55 28.2028.67 29.2467.7 30.2511.67 31.2327.63 32.2205.2 33.2307.26 34.10048.17 35.2098.9 36.2430.3 37.2018.1 38.2407.9 39.2411.52 40.2027.445 41.2097.270 42.2410.206 43.2451.17 44.2384.1 45.2459.47 46.2465.5 47.2423.5 48.2475.1 49.2027.477 50.2466.37 51.2366.86 52.2511.999 53.2460.108 54.2326.716 55.2196.4 56.2415.25 57.2416.41 58.2417.243 59.2089.489 60.2513.409 61.2329.999 62.2517.3 63.2521.1 64.2519.3 65.2799.15 66.2516.2 67.2515.3 68.2462.1 69.2127.163 70.2027.999 71.2027.999 72.2027.999 73.2027.999 74.2089.999 75.2329.999 76.2089.999 77.2077.999 78.2173.2 79.2207.4 80.2099.1 81.2100.3 82.2129.3 83.2209.3 84.2311.29 85.2212.3 86.2102.3 87.2211.2 88.2101.3 89.2210.1 90.2816.18 91.2803.3 92.2818.1 93.2811.42 94.2208.6 95.2805.21 96.2819.10 97.2814.16 98.2474.1 99.2520.3
inv 3 0.3205.1 1.3216.1 2.3165.1 3.3114.1 4.3113.1 5.3113.1 6.3113.1 7.3005.1 8.3113.1 9.3000.1 10.3113.1 11.3056.1 12.3056.1 13.3059.1 14.3113.1 15.3193.1 16.3070.1 17.3070.1 18.3231.1 19.3114.1 20.3213.1 21.3218.1 22.3230.1 23.3191.1 24.3199.1 25.3114.1 26.3206.1 27.3196.1 28.3168.1 29.3156.1 30.3182.1 31.3212.1 32.3163.1 33.3203.1 34.3223.1 35.3221.1 36.3200.1 37.3157.1 38.3222.1 39.3230.1 40.3186.1 41.3140.1 42.3185.1 43.3174.1 44.3162.1 45.3181.1 46.3183.1 47.3149.1 48.3168.1 49.3137.1
mlobjlst 0.0.0.0.2.2.0.100.0.0 1.1.2.5.0.0.0.100.0.0 2.0.0.0.0.0.0.100.0.0 3.1.26.15.0.0.0.100.0.0 4.0.0.0.3.0.0.100.0.0 5.1.16.2.3.0.0.100.0.0 6.1.8.2.3.0.0.100.0.0 7.0.0.0.4.2.0.100.0.0 8.1.11.2.3.0.0.100.0.0 9.1.24.6.8.3.0.100.0.0 10.1.2.15.3.0.0.100.0.0 11.1.6.2.0.0.0.100.0.0 12.1.14.2.0.0.0.100.0.0 13.1.6.14.0.0.0.100.0.0 14.1.2.2.3.0.0.100.0.0 15.0.0.0.0.0.0.100.0.0 16.1.24.9.0.0.0.100.0.0 17.1.30.9.0.0.0.100.0.0 18.0.0.0.0.0.0.100.0.0 19.0.0.0.0.0.0.100.0.0 20.0.0.0.0.0.0.100.0.0 21.0.0.0.2.0.0.100.0.0 22.0.0.0.3.0.0.100.0.0 23.0.0.0.2.0.0.100.0.0 24.0.0.0.0.0.0.100.0.0 25.0.0.0.0.0.0.100.0.0 26.1.21.14.2.2.0.100.0.0 27.1.27.9.0.0.0.100.0.0 28.0.0.0.0.0.0.100.0.0 29.0.0.0.2.1.0.100.0.0 30.0.0.0.0.0.0.100.0.0 31.1.2.9.0.0.0.100.0.0 32.0.0.0.0.0.0.100.0.0 33.1.32.14.2.2.0.100.0.0 34.1.31.3.4.2.0.100.0.0 35.0.0.0.0.0.0.100.0.0 36.0.0.0.0.0.0.100.0.0 37.1.18.5.0.0.0.100.0.0 38.0.0.0.0.0.0.100.0.0 39.0.0.0.3.0.0.100.0.0 40.0.0.0.2.1.0.100.0.0 41.0.0.0.0.0.0.100.0.0 42.0.0.0.3.2.0.100.0.0 43.0.0.0.0.0.0.100.0.0 44.0.0.0.0.0.0.100.0.0 45.0.0.0.0.0.0.100.0.0 46.0.0.0.0.0.0.100.0.0 47.0.0.0.0.0.0.100.0.0 48.0.0.0.0.0.0.100.0.0 49.0.0.0.4.2.0.100.0.0
inv 6 0.900.0.13.0 1.905.0.10.33 2.906.0.9.45 3.906.0.0.0 4.907.0.13.0 5.908.0.0.0 6.913.0.10.42 7.914.0.14.63 8.4099.0.13.0 9.4326.0.0.0 10.4326.0.0.0 11.4487.0.0.0 12.4487.0.12.25 13.4487.0.0.0 14.4488.0.0.0 15.4488.0.0.0 16.4488.0.0.0 17.4488.0.0.0 18.4488.0.0.0 19.4488.0.0.0 20.4489.0.0.0 21.4489.0.0.0 22.4489.0.0.0 23.4489.0.0.0 24.4489.0.0.0 25.4491.0.0.0 26.4492.0.0.0 27.4499.0.11.68 28.4502.0.0.0 29.4502.0.0.0 30.4502.0.0.0 31.4802.0.0.0 32.4802.0.0.0 33.4805.0.0.0 34.4805.0.0.0 35.4806.0.0.0 36.4809.0.0.0 37.4810.0.0.0 38.4812.0.0.0 39.4812.0.0.0 40.4813.0.0.0 41.4819.0.0.0 42.8245.0.0.0
inv 7 0.189.0.0.0 1.454.0.0.0 2.454.0.0.0 3.456.0.0.0 4.492.0.0.0 5.976.0.0.0 6.976.0.0.0 7.977.0.0.0 8.982.0.0.0 9.982.0.0.0 10.986.0.168.0 11.986.0.168.0 12.4068.0.0.0 13.4075.0.0.0 14.4075.0.0.0 15.4076.0.0.0 16.4143.0.0.0 17.4147.0.0.0 18.4169.0.0.0 19.4169.0.0.0 20.4179.0.0.0 21.4195.0.0.0 22.4196.0.0.0 23.4242.0.0.0 24.4250.0.168.0 25.4250.0.168.0 26.4254.0.168.0 27.4258.0.0.0 28.4266.0.0.0 29.4367.0.0.0 30.4382.0.0.0 31.8053.0.0.0 32.8054.0.0.0 33.8055.0.0.0 34.8073.0.0.0 35.8074.0.0.0 36.8081.0.0.0 37.8088.0.0.0 38.8088.0.0.0 39.8100.0.0.0 40.8122.0.0.0 41.8122.0.0.0 42.8133.0.0.0 43.8137.0.0.0 44.8138.0.0.0 45.8165.0.0.0 46.8165.0.0.0 47.8165.0.0.0 48.8166.0.0.0 49.8188.0.0.0 50.8188.0.0.0 51.8205.0.0.0 52.8205.0.0.0 53.8207.0.24.0 54.8210.0.0.0 55.8352.0.720.0 56.8362.0.0.0
gold 17384291 0
qslot 0 0.1.0 0.2.31 0.-1.-1 1.1.13 1.1.12 1.1.15 1.3.12 1.1.10 1.3.11 0.-1.-1 1.1.2 1.1.3 1.1.5 1.1.7 1.1.17 1.1.14 1.1.39 1.1.38 1.1.11 0.1.119 0.-1.-1 0.1.119 0.1.119 0.1.119 0.1.119 0.1.28 0.1.119 0.0.53 0.0.59 1.1.41
qslot 1 0.1.1 0.1.119 0.1.9 7.7.-1 7.7.-1 7.7.-1 7.7.-1 7.7.-1 7.7.-1 7.7.-1 1.1.8 1.1.1 7.7.-1 7.7.-1 7.7.-1 7.7.-1 7.7.-1 7.7.-1 7.7.-1 7.7.-1 7.7.-1 7.7.-1 7.7.-1 7.7.-1 7.7.-1 7.7.-1 7.7.-1 7.7.-1 7.7.-1 7.7.-1
pst 2 164092 0 92 88 15310 10544 0 0 0
pst 2 164094 1 100 100 44836 26643 0 0 0
p_clear
sc_p 8 158 164123 12 1000 148 2 0 132 232 70 2 70 0 50 89 50 89 51 1 80 -30 40 10 751 751 402 402 0 2457 0 Ardilla^fumigadora 0
sc_p 27 448 164122 1 1000 0 0 0 42 45 32 14 90 0 48 41 37 41 23 0 5 10 2 15 156 156 10 10 0 15 0 Hada^graslin 0
sc_p 14 156 164121 23 1000 4900 0 0 170 224 162 4 70 0 88 166 93 166 73 3 70 70 70 70 2346 2346 363 363 0 25680 0 Ardilla^marrón 0
sc_p 29 176 164120 1 1000 0 0 0 30 38 30 4 70 0 17 34 19 34 17 2 0 0 0 0 121 121 60 60 0 15 0 Ardilla^Santa 0
sc_p 0 535 164119 24 1000 24840 2 0 136 202 70 14 75 0 86 159 94 159 85 2 -10 8 5 4 865 865 382 382 0 29430 0 Muñeco^de^Nieve 0
sc_p 10 803 164118 2 1000 5 0 0 35 67 35 10 100 0 20 39 22 39 19 3 70 50 70 50 499 499 65 65 0 42 0 Chick^Norris 0
sc_p 2 567 164117 1 1000 0 1 0 41 48 44 10 150 0 18 31 17 31 13 2 5 5 5 5 168 168 24 24 0 15 0 Hada^oval 0
sc_p 18 824 164116 1 1000 0 0 0 70 138 30 6 100 0 27 34 29 34 32 2 4 22 6 6 321 321 60 60 0 15 0 Jelly^saltarín^jove 0
sc_p 16 801 164115 2 1000 35 0 0 46 51 37 14 90 0 50 46 40 46 25 3 5 2 10 15 175 175 15 15 0 42 0 Chicky^saltador 0
sc_n 3 2618 164114 94 1000 226485876 990.5.4 997.6.4 -1 -1 0 0 0 4 819 899 617 12 200 4 599 571 473 571 334 2 5 5 5 5 26570 30570 3503 3503 0 291503800 Ragnar 2703 1 4818.100 1292.5 1293.6 1294.7
sc_p 3 2701 164113 94 1000 62984 1 0 562 720 748 8 200 0 313 564 327 564 243 1 10 0 10 10 20838 20838 2040 2040 0 72875950 1 Mecanigato 0
sc_p 17 752 164112 1 1000 0 0 0 40 63 34 2 60 0 25 34 24 34 22 1 55 35 40 40 450 450 60 60 0 15 0 Ardilla^toro 0
sc_p 19 840 164111 1 1000 0 0 0 55 88 40 5 70 0 42 35 54 35 27 2 1 5 3 2 341 341 60 60 0 15 0 Leo,^el^Cobarde 0
sc_p 7 2119 164110 14 1000 168 0 0 143 213 108 10 70 0 70 109 65 109 57 3 20 50 70 40 1361 1361 240 240 0 3720 0 Oveja^amarilla 0
sc_p 26 846 164109 1 1000 0 0 0 130 188 90 5 160 0 17 54 19 54 17 1 80 45 55 60 221 221 60 60 0 15 0 Teo^Terciopié 0
sc_p 11 2683 164108 91 1000 36268 1 0 615 782 814 4 70 0 298 601 334 601 294 3 60 70 80 60 21300 21300 10550 10550 0 55644450 1 Almirante^Ojo^de^Ág 1
sc_p 24 844 164107 1 1000 0 2 0 140 168 70 0 0 0 17 34 19 34 17 3 60 50 80 50 271 271 60 60 0 15 0 Ardilla^cowboy 0
sc_p 28 843 164106 1 1000 0 0 0 130 168 90 10 140 0 17 34 19 34 17 2 50 80 60 50 331 331 60 60 0 15 0 Ardilla^vikinga 0
sc_p 15 824 164105 1 1000 0 0 0 70 138 30 6 100 0 27 34 29 34 32 2 4 22 6 6 321 321 60 60 0 15 0 Jelly^saltarín^jove 0
sc_p 12 581 164104 1 1000 0 2 0 70 155 70 4 70 0 17 34 19 34 17 2 20 60 50 50 261 261 60 60 0 15 0 Ardilla^marinera 0
sc_p 25 614 164103 1 1000 0 2 0 71 157 70 2 70 0 17 34 19 34 17 1 80 50 50 60 221 221 60 60 0 15 0 Ardilla^de^unidad^e 0
sc_p 5 1384 164102 90 1000 7308 2 1 633 795 70 4 70 4 331 479 272 479 309 0 50 40 20 70 35480 35480 12147 12147 0 50142850 1 Ardilla^calabaza 0
sc_n 4 2641 164101 94 1000 1 -1 -1 -1 -1 0 0 1 0 214 214 428 0 0 0 88 214 107 214 88 3 0 0 0 0 16921 16921 8410 8410 0 291503800 Amora^sin^alas -1 0 -1 -1 -1 -1
sc_p 4 828 164100 93 1000 1059040 0 0 633 827 532 12 150 0 354 531 312 531 288 2 60 80 70 60 37936 37936 4582 4582 0 67009700 0 Kagome 0
sc_p 6 830 164099 15 1000 3955 0 0 117 154 104 4 70 2 67 113 65 113 55 3 40 40 40 40 1225 1225 195 195 0 5256 0 Rudi^Rabauke^joven 0
sc_p 20 2106 164098 6 1000 230 0 0 73 97 56 4 70 0 38 65 36 65 34 1 40 40 40 40 470 470 108 108 0 420 0 Pavesa 0
sc_p 1 664 164097 10 1000 91 0 0 97 132 82 10 150 0 43 117 47 117 38 1 50 50 50 50 706 706 128 128 0 1518 0 Conejo^entrañable 0
sc_p 23 824 164096 1 1000 0 0 0 70 138 30 6 100 0 27 34 29 34 32 2 4 22 6 6 321 321 60 60 0 15 0 Jelly^saltarín^jove 0
sc_p 21 3107 164095 93 1000 1 0 0 540 716 560 4 70 0 306 564 322 564 255 3 60 80 70 70 20638 20638 3503 3503 0 67009700 0 Picaña^dócil 0
sc_p 13 670 164094 95 324 31210465 2 0 660 830 70 4 70 6 372 592 337 592 389 2 60 80 70 60 44836 44836 26643 26643 1 78866350 1 Widersito 1
sc_n 2 319 164093 94 1000 1 -1 997.5.2 -1 -1 0 0 0 0 242 242 140 0 0 2 594 573 456 573 367 0 5 5 5 5 34861 34861 10244 10244 0 291503800 Kliff 1102 1 -1 -1 -1 -1
sc_n 1 2640 164092 94 1000 242950 991.7.5 996.2.4 -1 -1 0 0 1 5 871 931 921 13 200 4 320 772 396 772 375 1 0 0 0 0 15310 16510 10544 11944 1 291503800 Jennifer -1 1 4812.100 1318.2 1319.4 1320.7
sc_n 0 2620 164091 94 1000 5780688 992.3.0 995.6.10 -1 -1 0 0 2 0 683 773 70 0 0 10 250 481 302 481 373 2 2 2 2 2 9401 13401 12447 17447 0 291503800 Erdimien 2704 1 4810.100 1315.4 1316.1 1317.6
sc_p 9 769 164090 1 1000 0 0 0 130 150 55 15 180 0 32 35 37 35 13 0 20 20 20 20 350 350 60 60 0 15 0 Ardilla^boxeadora 0
mv 3 15339 84 48 11
mv 3 15332 12 68 11
mv 3 15319 73 39 11
mv 3 15315 12 72 11
mv 3 15294 41 27 8
mv 3 15287 24 77 8
mv 3 15280 105 33 10
mv 3 15333 30 84 11
mv 3 15329 127 89 11
mv 3 15307 102 53 8
mv 3 15295 49 26 8
mv 3 15292 33 57 8
mv 3 15290 26 62 8
mv 3 15285 19 72 8
mv 3 15278 102 54 10
mv 3 15272 15 73 10
bf 1 538316 0.374.3000 95
eff_t 2 164094 1 538316 4766
mv 3 15340 100 87 11
mv 3 15334 32 61 11
mv 3 15320 77 23 11
mv 3 15298 78 48 8
mv 3 15289 25 74 8
mv 3 15288 24 79 8
mv 3 15279 100 74 10
mv 3 15276 90 82 10
mv 3 15323 103 70 11
mv 3 15301 84 46 8
mv 3 15297 70 42 8
mv 3 15343 124 44 11
mv 3 15335 44 27 11
mv 3 15328 119 85 11
mv 3 15317 25 61 11
mv 3 15316 22 85 11
mv 3 15312 121 30 8
mv 3 15311 120 48 8
mv 3 15299 79 86 8
mv 3 15274 36 53 10
gp 147 81 2635 -1 0 0
gp 20 22 4996 8 1 0
wp 8 19 99 4 85 99
wp 72 20 98 4 85 99
in 3 3105 15345 81 77 5 100 100 0 0 0 -1 1 0 -1 - 2 -1 0 0 0 0 0 0 0 0
in 3 3014 15344 113 62 2 100 100 0 0 0 -1 1 0 -1 - 2 -1 0 0 0 0 0 0 0 0
in 3 3014 15343 124 44 2 100 100 0 0 0 -1 1 0 -1 - 2 -1 0 0 0 0 0 0 0 0
in 3 3014 15342 108 53 2 100 100 0 0 0 -1 1 0 -1 - 2 -1 0 0 0 0 0 0 0 0
in 3 3014 15341 104 27 2 100 100 0 0 0 -1 1 0 -1 - 2 -1 0 0 0 0 0 0 0 0
in 3 3014 15340 100 87 2 100 100 0 0 0 -1 1 0 -1 - 2 -1 0 0 0 0 0 0 0 0
in 3 3014 15339 84 48 2 100 100 0 0 0 -1 1 0 -1 - 2 -1 0 0 0 0 0 0 0 0
in 3 3014 15338 83 87 2 100 100 0 0 0 -1 1 0 -1 - 2 -1 0 0 0 0 0 0 0 0
in 3 3014 15337 63 46 2 100 100 0 0 0 -1 1 0 -1 - 2 -1 0 0 0 0 0 0 0 0
in 3 3014 15336 59 45 2 100 100 0 0 0 -1 1 0 -1 - 2 -1 0 0 0 0 0 0 0 0
in 3 3014 15335 44 27 2 100 100 0 0 0 -1 1 0 -1 - 2 -1 0 0 0 0 0 0 0 0
in 3 3014 15334 32 61 2 100 100 0 0 0 -1 1 0 -1 - 2 -1 0 0 0 0 0 0 0 0
in 3 3014 15333 30 84 2 100 100 0 0 0 -1 1 0 -1 - 2 -1 0 0 0 0 0 0 0 0
in 3 3014 15332 12 68 2 100 100 0 0 0 -1 1 0 -1 - 2 -1 0 0 0 0 0 0 0 0
in 3 3013 15331 129 65 2 100 100 0 0 0 -1 1 0 -1 - 2 -1 0 0 0 0 0 0 0 0
in 3 3013 15330 119 37 2 100 100 0 0 0 -1 1 0 -1 - 2 -1 0 0 0 0 0 0 0 0
in 3 3013 15329 127 89 2 100 100 0 0 0 -1 1 0 -1 - 2 -1 0 0 0 0 0 0 0 0
in 3 3013 15328 119 85 2 100 100 0 0 0 -1 1 0 -1 - 2 -1 0 0 0 0 0 0 0 0
in 3 3013 15327 120 26 2 100 100 0 0 0 -1 1 0 -1 - 2 -1 0 0 0 0 0 0 0 0
in 3 3013 15326 47 84 2 100 100 0 0 0 -1 1 0 -1 - 2 -1 0 0 0 0 0 0 0 0
in 3 3013 15325 109 35 2 100 100 0 0 0 -1 1 0 -1 - 2 -1 0 0 0 0 0 0 0 0
in 3 3013 15324 108 66 2 40 50 0 0 0 -1 1 0 -1 - 2 -1 0 0 0 0 0 0 0 0
in 3 3013 15323 103 70 2 100 100 0 0 0 -1 1 0 -1 - 2 -1 0 0 0 0 0 0 0 0
in 3 3013 15322 97 31 2 100 100 0 0 0 -1 1 0 -1 - 2 -1 0 0 0 0 0 0 0 0
in 3 3013 15321 86 51 2 100 100 0 0 0 -1 1 0 -1 - 2 -1 0 0 0 0 0 0 0 0
in 3 3013 15320 77 23 2 100 100 0 0 0 -1 1 0 -1 - 2 -1 0 0 0 0 0 0 0 0
in 3 3013 15319 73 39 2 100 100 0 0 0 -1 1 0 -1 - 2 -1 0 0 0 0 0 0 0 0
in 3 3013 15318 35 79 2 100 100 0 0 0 -1 1 0 -1 - 2 -1 0 0 0 0 0 0 0 0
in 3 3013 15317 25 61 2 100 100 0 0 0 -1 1 0 -1 - 2 -1 0 0 0 0 0 0 0 0
in 3 3013 15316 22 85 2 100 100 0 0 0 -1 1 0 -1 - 2 -1 0 0 0 0 0 0 0 0
in 3 3013 15315 12 72 2 100 100 0 0 0 -1 1 0 -1 - 2 -1 0 0 0 0 0 0 0 0
in 3 3012 15314 130 32 2 100 100 0 0 0 -1 1 0 -1 - 2 -1 0 0 0 0 0 0 0 0
in 3 3012 15313 121 87 2 100 100 0 0 0 -1 1 0 -1 - 2 -1 0 0 0 0 0 0 0 0
in 3 3012 15312 121 30 2 100 100 0 0 0 -1 1 0 -1 - 2 -1 0 0 0 0 0 0 0 0
in 3 3012 15311 120 48 2 100 100 0 0 0 -1 1 0 -1 - 2 -1 0 0 0 0 0 0 0 0
in 3 3012 15310 112 78 2 100 100 0 0 0 -1 1 0 -1 - 2 -1 0 0 0 0 0 0 0 0
in 3 3012 15309 112 53 2 100 100 0 0 0 -1 1 0 -1 - 2 -1 0 0 0 0 0 0 0 0
in 3 3012 15308 109 73 2 100 100 0 0 0 -1 1 0 -1 - 2 -1 0 0 0 0 0 0 0 0
in 3 3012 15307 102 53 2 100 100 0 0 0 -1 1 0 -1 - 2 -1 0 0 0 0 0 0 0 0
in 3 3012 15306 50 28 2 100 100 0 0 0 -1 1 0 -1 - 2 -1 0 0 0 0 0 0 0 0
in 3 3012 15305 104 79 2 100 100 0 0 0 -1 1 0 -1 - 2 -1 0 0 0 0 0 0 0 0
in 3 3012 15304 103 56 2 100 100 0 0 0 -1 1 0 -1 - 2 -1 0 0 0 0 0 0 0 0
in 3 3012 15303 96 83 2 100 100 0 0 0 -1 1 0 -1 - 2 -1 0 0 0 0 0 0 0 0
in 3 3012 15302 89 77 2 100 100 0 0 0 -1 1 0 -1 - 2 -1 0 0 0 0 0 0 0 0
in 3 3012 15301 84 46 2 100 100 0 0 0 -1 1 0 -1 - 2 -1 0 0 0 0 0 0 0 0
in 3 3012 15300 84 47 2 100 100 0 0 0 -1 1 0 -1 - 2 -1 0 0 0 0 0 0 0 0
in 3 3012 15299 79 86 2 100 100 0 0 0 -1 1 0 -1 - 2 -1 0 0 0 0 0 0 0 0
in 3 3012 15298 78 48 2 100 100 0 0 0 -1 1 0 -1 - 2 -1 0 0 0 0 0 0 0 0
in 3 3012 15297 70 42 2 100 100 0 0 0 -1 1 0 -1 - 2 -1 0 0 0 0 0 0 0 0
in 3 3012 15296 48 58 2 100 100 0 0 0 -1 1 0 -1 - 2 -1 0 0 0 0 0 0 0 0
in 3 3012 15295 49 26 2 100 100 0 0 0 -1 1 0 -1 - 2 -1 0 0 0 0 0 0 0 0
in 3 3012 15294 41 27 2 100 100 0 0 0 -1 1 0 -1 - 2 -1 0 0 0 0 0 0 0 0
in 3 3012 15293 38 88 2 100 100 0 0 0 -1 1 0 -1 - 2 -1 0 0 0 0 0 0 0 0
in 3 3012 15292 33 57 2 100 100 0 0 0 -1 1 0 -1 - 2 -1 0 0 0 0 0 0 0 0
in 3 3012 15291 30 82 2 100 100 0 0 0 -1 1 0 -1 - 2 -1 0 0 0 0 0 0 0 0
in 3 3012 15290 26 62 2 100 100 0 0 0 -1 1 0 -1 - 2 -1 0 0 0 0 0 0 0 0
in 3 3012 15289 25 74 2 100 100 0 0 0 -1 1 0 -1 - 2 -1 0 0 0 0 0 0 0 0
in 3 3012 15288 24 79 2 100 100 0 0 0 -1 1 0 -1 - 2 -1 0 0 0 0 0 0 0 0
in 3 3012 15287 24 77 2 100 100 0 0 0 -1 1 0 -1 - 2 -1 0 0 0 0 0 0 0 0
in 3 3012 15286 20 66 2 100 100 0 0 0 -1 1 0 -1 - 2 -1 0 0 0 0 0 0 0 0
in 3 3012 15285 19 72 2 100 100 0 0 0 -1 1 0 -1 - 2 -1 0 0 0 0 0 0 0 0
in 3 3011 15284 130 27 2 100 100 0 0 0 -1 1 0 -1 - 2 -1 0 0 0 0 0 0 0 0
in 3 3011 15283 112 90 2 100 100 0 0 0 -1 1 0 -1 - 2 -1 0 0 0 0 0 0 0 0
in 3 3011 15282 122 76 2 100 100 0 0 0 -1 1 0 -1 - 2 -1 0 0 0 0 0 0 0 0
in 3 3011 15281 119 49 2 100 100 0 0 0 -1 1 0 -1 - 2 -1 0 0 0 0 0 0 0 0
in 3 3011 15280 105 33 2 100 100 0 0 0 -1 1 0 -1 - 2 -1 0 0 0 0 0 0 0 0
in 3 3011 15279 100 74 2 100 100 0 0 0 -1 1 0 -1 - 2 -1 0 0 0 0 0 0 0 0
in 3 3011 15278 102 54 2 100 100 0 0 0 -1 1 0 -1 - 2 -1 0 0 0 0 0 0 0 0
in 3 3011 15277 93 27 2 100 100 0 0 0 -1 1 0 -1 - 2 -1 0 0 0 0 0 0 0 0
in 3 3011 15276 90 82 2 100 100 0 0 0 -1 1 0 -1 - 2 -1 0 0 0 0 0 0 0 0
in 3 3011 15275 78 47 2 100 100 0 0 0 -1 1 0 -1 - 2 -1 0 0 0 0 0 0 0 0
in 3 3011 15274 36 53 2 100 100 0 0 0 -1 1 0 -1 - 2 -1 0 0 0 0 0 0 0 0
in 3 3011 15273 30 70 2 100 100 0 0 0 -1 1 0 -1 - 2 -1 0 0 0 0 0 0 0 0
in 3 3011 15272 15 73 2 100 100 0 0 0 -1 1 0 -1 - 2 -1 0 0 0 0 0 0 0 0
in 2 977 15348 15 21 0 100 100 11029 0 0 -1 1 0 -1 - 2 -1 0 0 0 0 0 0 0 0
in 2 3075 15347 9 53 2 100 100 11022 0 0 -1 1 0 -1 - 2 -1 0 0 0 0 0 0 0 0
in 2 3057 15346 49 88 0 100 100 0 0 0 -1 1 0 -1 - 2 -1 0 0 0 0 0 0 0 0
pst 2 164092 0 92 88 15310 10544 0 0 0
pst 2 164094 1 100 100 44836 26643 0 0 0
mv 3 15339 83 47 11
mv 3 15332 10 69 11
mv 3 15315 13 73 11
mv 3 15303 96 85 8
mv 3 15293 40 86 8
mv 3 15286 22 66 8
mv 3 15275 79 48 10
mv 3 15329 125 89 11
mv 3 15310 111 79 8
mv 3 15295 51 26 8
mv 3 15282 121 78 10
stat 22260 22260 24467 24467 0 75040
mv 3 15340 99 85 11
mv 3 15334 33 60 11
mv 3 15314 132 33 8
mv 3 15304 101 56 8
mv 3 15302 90 77 8
mv 3 15298 78 47 8
mv 3 15289 27 73 8
mv 3 15288 26 77 8
mv 3 15331 130 65 11
mv 3 15325 108 37 11
mv 3 15323 102 71 11
mv 3 15308 109 72 8
mv 3 15301 86 48 8
mv 3 15297 71 40 8
mv 3 15343 125 45 11
mv 3 15338 82 86 11
mv 3 15328 121 84 11
mv 3 15327 122 25 11
mv 3 15317 24 59 11
mv 3 15311 119 48 8
mv 3 15309 110 52 8
mv 3 15300 86 49 8
mv 3 15299 77 87 8
mv 3 15274 35 55 10
pst 2 164092 0 93 88 15394 10544 0 0 0
pst 2 164094 1 100 100 44836 26643 0 0 0
mv 3 15319 72 40 11
mv 3 15315 12 71 11
mv 3 15313 121 89 8
mv 3 15303 96 83 8
mv 3 15293 39 85 8
mv 3 15280 107 34 10
mv 3 15275 78 48 10
mv 3 15333 29 85 11
mv 3 15310 113 80 8
mv 3 15307 104 54 8
mv 3 15292 32 56 8
mv 3 15290 27 60 8
mv 3 15282 120 77 10
mv 3 15278 101 53 10
mv 3 15322 95 29 11
mv 3 15320 76 24 11
mv 3 15314 130 35 8
mv 3 15302 88 77 8
mv 3 15298 76 48 8
mv 3 15289 28 73 8
mv 3 15288 25 79 8
mv 3 15276 91 84 10
mv 3 15341 102 28 11
mv 3 15331 132 66 11
mv 3 15308 108 72 8
mv 3 15301 88 47 8
mv 3 15281 119 50 10
mv 3 15343 124 44 11
mv 3 15338 81 87 11
mv 3 15335 43 27 11
mv 3 15316 22 86 11
mv 3 15312 120 29 8
mv 3 15300 86 48 8
mv 3 15299 79 88 8
mv 3 15274 36 55 10
pst 2 164092 0 93 88 15394 10544 0 0 0
pst 2 164094 1 100 100 44836 26643 0 0 0
mv 3 15332 11 69 11
mv 3 15313 120 89 8
mv 3 15303 95 81 8
mv 3 15293 38 87 8
mv 3 15287 22 76 8
mv 3 15286 21 64 8
mv 3 15284 131 27 10
mv 3 15280 106 33 10
mv 3 15275 80 46 10
mv 3 15333 30 84 11
mv 3 15310 112 78 8
mv 3 15307 102 53 8
mv 3 15292 34 55 8
mv 3 15290 27 62 8
mv 3 15285 20 70 8
mv 3 15272 14 72 10
stat 22260 22260 24467 24467 0 75040
stat 22260 22260 24467 24467 0 75040
mv 3 15342 108 52 11
mv 3 15340 99 87 11
mv 3 15337 63 48 11
mv 3 15304 100 57 8
mv 3 15302 90 79 8
mv 3 15288 26 80 8
mv 3 15276 92 83 10
mv 3 15341 100 30 11
mv 3 15323 103 72 11
mv 3 15301 86 45 8
mv 3 15281 121 51 10
mv 3 15335 43 25 11
mv 3 15327 121 25 11
mv 3 15317 25 58 11
mv 3 15312 121 29 8
mv 3 15300 86 49 8
mv 3 15299 81 90 8
mv 3 15291 31 80 8
mv 3 15274 38 54 10
pst 2 164092 0 93 93 15478 11161 0 0 0
pst 2 164094 1 100 100 44836 26643 0 0 0
mv 3 15339 84 46 11
mv 3 15321 85 51 11
mv 3 15313 120 87 8
mv 3 15305 105 79 8
mv 3 15303 93 81 8
mv 3 15294 43 28 8
mv 3 15287 24 78 8
mv 3 15286 22 64 8
mv 3 15284 130 29 10
mv 3 15280 107 35 10
glist 0 0
mv 3 15310 113 79 8
mv 3 15285 22 70 8
mv 3 15282 122 76 10
mv 3 15278 101 55 10
eff 2 164094 3007
mv 3 15342 109 53 11
mv 3 15340 101 86 11
mv 3 15337 63 47 11
mv 3 15334 31 61 11
mv 3 15304 102 59 8
mv 3 15298 77 47 8
mv 3 15289 27 73 8
mv 3 15279 101 73 10
gexp 415726|1719283 394409|792367 538316|17126 327663|169799 712452|82822 371984|382324 654329|912116 539788|246370 819684|114529 818429|559961 1040204|51678 352013|40552 732416|6675 193646|104922 520463|97315 805830|256318 72604|559098 57801|7708 638887|79032 62675|70253 60587|24686 668911|41797 158360|7872 557883|19495 710684|60881 256869|139001 546721|195687 751316|4040 365274|320087 123477|43195 495873|165652 239929|22075 807224|196146 92504|60241 462697|5500 409316|117767 583627|26568 593294|26892 597291|46555 892068|2000 723457|11073 416400|14758 105493|271432 691979|166757 52295|162785 433058|3366 758029|10941 818167|12273 806020|213968 660591|96386 1090443|299887 201818|80547 1380|50800 568160|25231 620230|48737 173626|80190 563233|20610 476043|65000 806166|26164 628176|22039 284237|30059 427154|44429 673691|8646 585529|15483 400770|57301 829343|75133 1049723|800 576169|6600 737565|4300 728314|21348 431562|6737 731333|7816 614945|27730 591747|18587 640457|28543 320657|2900 1049026|62103 559954|45645 730749|1233 541837|3000 777909|97348 1099020|5724 466183|32599 704336|52413 737845|48941 551950|25200 670667|75907 315486|1000 456755|7556 410152|19584 822387|38600 742191|0 796786|300 896356|300 838076|500 840311|0 411877|0
mv 3 15323 102 71 11
mv 3 15301 84 47 8
mv 3 15277 94 26 10
mv 3 15328 119 84 11
mv 3 15327 119 23 11
mv 3 15311 118 49 8
mv 3 15309 112 51 8
pst 2 164092 0 93 93 15478 11161 0 0 0
pst 2 164094 1 100 100 44836 26643 0 0 0
mv 3 15321 86 52 11
mv 3 15319 74 41 11
mv 3 15315 13 73 11
mv 3 15313 121 89 8
mv 3 15303 93 82 8
mv 3 15293 36 88 8
mv 3 15287 23 79 8
mv 3 15284 132 31 10
mv 3 15280 108 34 10
mv 3 15275 78 47 10
mv 3 15329 126 90 11
mv 3 15310 114 81 8
mv 3 15307 104 54 8
mv 3 15292 34 54 8
ncif 3 15326
stat 22260 22260 24467 24467 0 75040
mv 3 15342 108 52 11
mv 3 15334 32 59 11
mv 3 15322 96 31 11
mv 3 15320 78 26 11
mv 3 15314 131 34 8
mv 3 15298 77 45 8
mv 3 15289 28 73 8
mv 3 15288 25 79 8
mv 3 15279 101 72 10
mv 3 15341 101 29 11
mv 3 15331 131 67 11
mv 3 15325 108 36 11
mv 3 15308 107 73 8
mv 3 15297 71 42 8
mv 3 15281 120 50 10
mv 3 15277 95 26 10
st 3 15326 90 0 100 100 79926 11575
mv 3 15343 125 45 11
mv 3 15335 44 27 11
mv 3 15327 121 24 11
mv 3 15312 122 27 8
mv 3 15311 119 49 8
mv 3 15309 114 53 8
mv 3 15300 85 50 8
mv 3 15291 29 81 8
mv 3 15274 36 52 10
pst 2 164092 0 94 93 15562 11161 0 0 0
pst 2 164094 1 100 100 44836 26643 0 0 0
mv 3 15332 12 68 11
mv 3 15321 85 51 11
mv 3 15319 73 40 11
mv 3 15315 14 72 11
mv 3 15313 121 87 8
mv 3 15305 103 81 8
mv 3 15303 92 83 8
mv 3 15293 37 88 8
mv 3 15287 24 78 8
mv 3 15286 22 63 8
mv 3 15284 130 29 10
ncif 3 15326
mv 3 15333 29 86 11
mv 3 15310 113 79 8
mv 3 15290 29 63 8
mv 3 15272 16 70 10
mv 3 15334 32 60 11
mv 3 15322 94 30 11
mv 3 15320 77 24 11
mv 3 15304 103 57 8
mv 3 15302 89 80 8
mv 3 15298 78 46 8
mv 3 15289 26 72 8
mv 3 15288 26 80 8
mv 3 15279 100 71 10
mv 3 15276 93 82 10
mv 3 15345 82 78 11
mv 3 15331 129 67 11
mv 3 15323 103 71 11
st 3 15326 90 0 100 100 79926 11575
mv 3 15343 125 44 11
mv 3 15338 82 87 11
mv 3 15335 42 27 11
mv 3 15328 121 85 11
mv 3 15327 121 25 11
mv 3 15312 120 27 8
mv 3 15309 112 52 8
mv 3 15300 85 49 8
mv 3 15299 79 88 8
mv 3 15291 29 83 8
pst 2 164092 0 94 93 15562 11161 0 0 0
pst 2 164094 1 100 100 44836 26643 0 0 0
mv 3 15339 82 47 11
mv 3 15305 102 80 8
mv 3 15294 42 29 8
mv 3 15293 39 89 8
mv 3 15286 21 64 8
mv 3 15280 108 33 10
mv 3 15275 79 45 10
finfo 708373.1
mv 3 15333 28 86 11
mv 3 15307 104 53 8
mv 3 15292 32 55 8
mv 3 15290 27 61 8
mv 3 15278 100 56 10
stat 22260 22260 24467 24467 0 75040
stat 22260 22260 24467 24467 0 75040
mv 3 15334 30 61 11
mv 3 15320 75 23 11
mv 3 15302 88 78 8
mv 3 15298 79 46 8
mv 3 15288 27 78 8
mv 3 15279 101 70 10
mv 3 15276 92 80 10
mv 3 15297 73 41 8
mv 3 15277 93 28 10
mv 3 15338 80 86 11
mv 3 15335 42 26 11
mv 3 15328 119 87 11
mv 3 15317 23 59 11
mv 3 15316 24 84 11
mv 3 15311 121 51 8
mv 3 15309 110 53 8
mv 3 15291 30 84 8
pst 2 164092 0 94 98 15646 11778 0 0 0
pst 2 164094 1 100 100 44836 26643 0 0 0
mv 3 15321 87 51 11
mv 3 15315 15 74 11
mv 3 15313 122 88 8
mv 3 15303 94 83 8
mv 3 15294 41 28 8
mv 3 15287 22 76 8
mv 3 15286 22 63 8
mv 3 15284 130 27 10
mv 3 15333 29 86 11
mv 3 15329 127 88 11
mv 3 15310 112 81 8
mv 3 15295 50 24 8
mv 3 15292 33 56 8
mv 3 15290 28 61 8
mv 3 15278 100 54 10
ncif 3 15345
mv 3 15342 107 54 11
mv 3 15337 65 48 11
mv 3 15322 95 31 11
mv 3 15302 89 77 8
mv 3 15298 78 46 8
mv 3 15289 27 73 8
mv 3 15279 100 72 10
mv 3 15276 90 82 10
mv 3 15345 82 77 11
mv 3 15341 102 27 11
mv 3 15331 129 69 11
mv 3 15323 102 72 11
mv 3 15308 107 74 8
mv 3 15277 92 27 10
mv 3 15343 125 42 11
mv 3 15338 82 85 11
mv 3 15335 44 24 11
mv 3 15327 120 27 11
mv 3 15317 24 59 11
mv 3 15312 122 28 8
mv 3 15311 122 50 8
mv 3 15300 85 48 8
mv 3 15291 32 83 8
pst 2 164092 0 94 98 15646 11778 0 0 0
pst 2 164094 1 100 100 44836 26643 0 0 0
st 3 15345 98 0 100 100 487296 20628
mv 3 15339 83 47 11
mv 3 15319 75 41 11
mv 3 15315 16 75 11
mv 3 15313 124 87 8
mv 3 15303 94 81 8
mv 3 15287 21 78 8
mv 3 15286 24 64 8
mv 3 15333 29 85 11
mv 3 15310 111 79 8
mv 3 15292 34 55 8
mv 3 15290 27 62 8
mv 3 15285 21 71 8
mv 3 15278 99 55 10
mv 3 15272 18 71 10
eff 2 164094 3007
stat 22260 22260 24467 24467 0 75040
ncif 3 15345
mv 3 15334 31 61 11
mv 3 15322 95 32 11
mv 3 15302 87 78 8
mv 3 15289 25 73 8
mv 3 15279 98 72 10
mv 3 15345 84 78 11
mv 3 15341 101 28 11
mv 3 15331 130 67 11
mv 3 15325 110 34 11
mv 3 15297 72 42 8
mv 3 15343 123 43 11
mv 3 15335 43 25 11
mv 3 15328 121 86 11
mv 3 15327 119 25 11
mv 3 15291 31 83 8
mv 3 15274 37 53 10
pst 2 164092 0 95 98 15730 11778 0 0 0
pst 2 164094 1 100 100 44836 26643 0 0 0
st 3 15345 98 0 100 100 487296 20628
mv 3 15339 83 48 11
mv 3 15332 13 69 11
mv 3 15321 85 53 11
mv 3 15319 73 39 11
mv 3 15293 38 88 8
mv 3 15286 23 66 8
mv 3 15284 130 28 10
ncif 3 15338
mv 3 15333 29 84 11
mv 3 15295 49 23 8
mv 3 15285 22 73 8
mv 3 15342 108 55 11
mv 3 15334 32 59 11
mv 3 15322 95 33 11
mv 3 15298 79 47 8
mv 3 15289 24 75 8
mv 3 15279 99 73 10
mv 3 15276 92 83 10
st 3 15338 92 0 100 100 87622 11831
mv 3 15341 102 27 11
mv 3 15331 128 68 11
mv 3 15308 108 72 8
mv 3 15301 84 48 8
mv 3 15277 93 28 10
mv 3 15338 81 86 11
mv 3 15327 120 27 11
mv 3 15317 26 61 11
mv 3 15316 22 83 11
mv 3 15312 122 27 8
mv 3 15311 121 50 8
mv 3 15300 84 49 8
mv 3 15274 35 51 10
pst 2 164092 0 95 98 15730 11778 0 0 0
pst 2 164094 1 100 100 44836 26643 0 0 0
mv 3 15332 12 69 11
mv 3 15303 92 83 8
mv 3 15287 22 78 8
mv 3 15286 24 64 8
mv 3 15284 131 30 10
mv 3 15280 108 34 10
mv 3 15275 79 47 10
ncif 3 15338
mv 3 15333 30 84 11
mv 3 15310 111 77 8
mv 3 15307 106 55 8
mv 3 15295 50 25 8
mv 3 15292 35 57 8
mv 3 15290 28 61 8
mv 3 15272 17 73 10
stat 22260 22260 24467 24467 0 75040
stat 22260 22260 24467 24467 0 75040
mv 3 15342 106 55 11
mv 3 15314 129 35 8
mv 3 15304 102 57 8
mv 3 15302 86 79 8
mv 3 15298 77 48 8
mv 3 15289 25 74 8
mv 3 15288 26 80 8
mv 3 15279 98 72 10
st 3 15338 92 0 100 100 87622 11831
ncif 3 15299
mv 3 15341 100 28 11
mv 3 15331 130 68 11
mv 3 15323 103 70 11
mv 3 15301 86 48 8
mv 3 15281 119 49 10
mv 3 15277 95 30 10
walk 69 86 0 12
mv 3 15343 125 41 11
mv 3 15328 123 88 11
mv 3 15327 120 25 11
mv 3 15317 26 60 11
mv 3 15316 20 84 11
mv 3 15312 123 29 8
mv 3 15311 121 49 8
mv 3 15309 111 53 8
mv 3 15300 82 48 8
mv 3 15299 81 89 8
mv 3 15291 32 84 8
pst 2 164092 0 95 100 15814 11944 0 0 0
pst 2 164094 1 100 100 44836 26643 0 0 0
mv 3 15332 10 67 11
mv 3 15321 86 52 11
mv 3 15315 15 73 11
mv 3 15305 104 78 8
mv 3 15303 94 83 8
mv 3 15294 39 28 8
mv 3 15293 38 87 8
mv 3 15286 22 63 8
mv 3 15280 106 33 10
st 3 15299 94 0 100 100 134333 23092
mv 3 15333 29 84 11
mv 3 15310 112 78 8
mv 3 15307 104 56 8
mv 3 15295 50 23 8
mv 3 15292 33 58 8
mv 3 15285 21 73 8
mv 3 15282 120 74 10
cond 1 538316 0 0 12
cond 1 538316 0 0 12
ncif 3 15299
mv 3 15337 64 47 11
mv 3 15334 34 59 11
mv 3 15322 95 31 11
mv 3 15320 76 23 11
mv 3 15314 128 36 8
mv 3 15289 26 72 8
mv 3 15288 26 79 8
mv 3 15279 99 71 10
mv 3 15276 93 81 10
st 3 15299 94 0 100 100 134333 23092
mv 3 15341 102 29 11
mv 3 15331 132 69 11
mv 3 15323 105 72 11
walk 72 85 1 12
mv 3 15343 125 42 11
mv 3 15328 121 88 11
mv 3 15327 121 26 11
mv 3 15309 112 54 8
mv 3 15300 83 47 8
pst 2 164092 0 95 100 15814 11944 0 0 0
pst 2 164094 1 100 100 44836 26643 0 0 0
walk 74 86 1 12
mv 3 15319 75 39 11
mv 3 15303 93 83 8
mv 3 15294 40 28 8
mv 3 15293 36 88 8
mv 3 15287 23 79 8
mv 3 15286 24 62 8
mv 3 15280 105 35 10
walk 74 88 0 12
ncif 3 15299
cond 1 538316 0 0 12
cond 1 538316 0 0 12
mv 3 15333 28 85 11
mv 3 15329 128 89 11
mv 3 15310 113 78 8
mv 3 15292 35 57 8
mv 3 15285 20 71 8
mv 3 15272 15 71 10
stat 22260 22260 24467 24467 0 75040
cond 1 538316 0 0 12
cond 1 538316 0 0 12
mv 3 15342 106 56 11
mv 3 15340 100 87 11
mv 3 15322 96 32 11
mv 3 15314 130 35 8
mv 3 15304 101 59 8
mv 3 15302 86 80 8
mv 3 15298 78 48 8
mv 3 15289 26 73 8
mv 3 15288 24 78 8
mv 3 15279 101 72 10
mv 3 15276 92 81 10
cond 1 538316 0 0 12
cond 1 538316 0 0 12
walk 77 87 0 12
mv 3 15345 82 79 11
mv 3 15341 101 29 11
mv 3 15331 130 68 11
mv 3 15308 107 74 8
mv 3 15301 84 47 8
mv 3 15297 70 40 8
mv 3 15277 93 29 10
st 3 15299 94 0 100 100 134333 23092
eff 3 15338 5000
mv 3 15335 42 24 11
mv 3 15328 119 87 11
mv 3 15327 122 26 11
mv 3 15300 83 46 8
eff 3 15299 5000
pst 2 164092 0 96 100 15898 11944 0 0 0
pst 2 164094 1 100 100 44836 26643 0 0 0
cond 1 538316 0 0 12
cond 1 538316 0 0 12
mv 3 15338 76 87 16
mv 3 15321 87 52 11
mv 3 15315 13 72 11
mv 3 15305 103 79 8
mv 3 15303 92 81 8
mv 3 15294 39 27 8
mv 3 15293 38 89 8
mv 3 15286 23 63 8
mv 3 15284 130 31 10
mv 3 15275 79 46 10
ncif 3 15299
mv 3 15333 29 86 11
mv 3 15329 129 91 11
mv 3 15310 112 77 8
mv 3 15307 103 56 8
ct 3 15299 1 538316 -1 -1 738
mv 3 15290 27 59 8
mv 3 15283 112 89 10
mv 3 15282 119 76 10
mv 3 15278 100 53 10
eff 2 164094 3007
mv 3 15337 66 46 11
mv 3 15334 33 59 11
mv 3 15322 95 31 11
mv 3 15314 131 35 8
mv 3 15302 88 78 8
su 3 15299 1 538316 738 60 11 4757 0 0 1 85 3316 0 0
stat 18944 22260 24467 24467 0 75040
mv 3 15289 28 75 8
mv 3 15288 23 80 8
mv 3 15276 91 82 10
walk 81 87 0 12
eff 3 15345 5000
mv 3 15325 108 35 11
mv 3 15281 121 47 10
st 3 15299 94 0 100 100 134333 23092
walk 82 87 1 12
mv 3 15345 79 84 16
mv 3 15327 121 25 11
mv 3 15317 27 59 11
mv 3 15312 123 30 8
mv 3 15311 122 48 8
mv 3 15300 83 48 8
mv 3 15291 32 82 8
pst 2 164092 0 96 100 15898 11944 0 0 0
pst 2 164094 1 100 100 44836 26643 0 0 0
cond 1 538316 0 0 12
cond 1 538316 0 0 12
mv 3 15339 82 50 11
ct 3 15338 1 538316 -1 -1 0
su 3 15338 3 15338 0 9 11 0 0 0 1 100 0 2 0
mv 3 15332 12 68 11
mv 3 15321 86 50 11
mv 3 15319 74 40 11
mv 3 15315 14 71 11
mv 3 15313 124 88 8
mv 3 15305 103 77 8
mv 3 15294 41 29 8
mv 3 15293 39 88 8
mv 3 15287 22 78 8
mv 3 15280 106 35 10
cond 1 538316 0 0 12
cond 1 538316 0 0 12
mv 3 15333 29 84 11
mv 3 15329 127 91 11
mv 3 15310 110 78 8
mv 3 15292 34 56 8
mv 3 15290 28 60 8
mv 3 15285 22 73 8
ncif 3 15299
mv 3 15340 100 85 11
mv 3 15334 32 60 11
mv 3 15322 94 29 11
mv 3 15304 103 57 8
eff 3 15302 5000
mv 3 15298 76 46 8
mv 3 15288 24 79 8
mv 3 15279 100 70 10
eff 3 15276 5000
walk 86 87 0 12
mv 3 15341 103 29 11
mv 3 15325 110 34 11
mv 3 15323 105 73 11
mv 3 15302 86 82 12
mv 3 15301 86 47 8
mv 3 15276 86 85 15
st 3 15299 94 0 100 100 134333 23092
ncif 3 15276
walk 83 91 0 12
mv 3 15345 83 86 16
mv 3 15343 123 43 11
mv 3 15338 83 86 16
mv 3 15327 122 27 11
mv 3 15312 122 30 8
pst 2 164092 0 96 100 15898 11944 0 0 0
pst 2 164094 1 100 100 44836 26643 0 0 0
cond 1 538316 0 0 12
cond 1 538316 0 0 12
walk 83 92 1 12
mv 3 15339 82 48 11
mv 3 15332 13 69 11
mv 3 15321 86 49 11
mv 3 15319 72 38 11
mv 3 15315 12 73 11
mv 3 15313 123 87 8
mv 3 15303 93 83 8
mv 3 15293 37 88 8
mv 3 15287 23 80 8
mv 3 15280 105 34 10
mv 3 15275 80 45 10
mv 3 15307 105 54 8
mv 3 15285 21 72 8
mv 3 15278 101 53 10
st 3 15276 97 0 100 100 169025 20537
cond 1 538316 0 0 12
cond 1 538316 0 0 12
ncif 3 15276
walk 80 89 1 12
mv 3 15342 107 55 11
mv 3 15334 32 61 11
mv 3 15322 95 31 11
mv 3 15320 78 22 11
mv 3 15314 132 33 8
mv 3 15304 103 58 8
mv 3 15298 77 46 8
mv 3 15289 26 73 8
mv 3 15279 99 72 10
cond 1 538316 0 0 12
cond 1 538316 0 0 12
walk 79 89 0 12
mv 3 15341 103 27 11
mv 3 15325 108 35 11
mv 3 15323 104 73 11
mv 3 15308 107 73 8
mv 3 15302 85 86 12
mv 3 15301 86 48 8
mv 3 15297 71 42 8
mv 3 15281 120 48 10
mv 3 15277 91 27 10
mv 3 15276 84 90 15
mv 3 15345 82 91 16
mv 3 15343 124 44 11
mv 3 15338 84 91 16
mv 3 15335 43 25 11
mv 3 15328 121 86 11
mv 3 15327 122 26 11
mv 3 15312 120 30 8
mv 3 15311 121 49 8
mv 3 15309 112 53 8
mv 3 15300 82 50 8
mv 3 15291 32 81 8
pst 2 164092 0 96 100 15898 11944 0 0 0
pst 2 164094 1 100 100 44836 26643 0 0 0
st 3 15276 97 0 100 100 169025 20537
cond 1 538316 0 0 12
cond 1 538316 0 0 12
mv 3 15339 83 46 11
mv 3 15332 12 67 11
mv 3 15319 74 40 11
mv 3 15315 14 75 11
mv 3 15313 122 85 8
mv 3 15303 93 84 8
mv 3 15293 38 87 8
mv 3 15287 24 78 8
mv 3 15286 21 64 8
mv 3 15284 130 29 10
mv 3 15275 81 44 10
cond 1 538316 0 0 12
cond 1 538316 0 0 12
walk 77 89 1 12
mv 3 15333 30 85 11
mv 3 15310 112 78 8
mv 3 15307 104 56 8
mv 3 15292 34 54 8
mv 3 15290 29 61 8
mv 3 15285 20 73 8
mv 3 15278 100 52 10
ncif 3 15276
mv 3 15340 102 86 11
mv 3 15337 64 47 11
mv 3 15334 30 63 11
mv 3 15322 96 30 11
mv 3 15298 78 48 8
mv 3 15289 25 72 8
cond 1 538316 0 0 12
cond 1 538316 0 0 12
ptctl 2636 2 164092 70 86 164094 70 86 164094 12
mv 3 15331 130 69 11
mv 3 15325 106 33 11
ct 3 15302 1 538316 -1 -1 0
su 3 15302 3 15302 0 10 11 4757 0 0 1 100 0 2 0
ct 3 15299 1 538316 -1 -1 0
su 3 15299 1 538316 0 10 11 4757 0 0 1 80 1088 0 0
stat 17856 22260 24467 24467 0 75040
mv 3 15297 70 44 8
mv 3 15281 118 47 10
mv 3 15276 79 90 15
st 3 15276 97 0 100 100 169025 20537
mv 3 15345 76 89 16
mv 3 15338 78 90 16
mv 3 15335 41 27 11
mv 3 15328 123 86 11
mv 3 15311 120 47 8
mv 3 15309 112 51 8
mv 3 15300 83 50 8
mv 3 15274 36 53 10
pst 2 164092 0 96 100 15898 11944 0 0 0
pst 2 164094 1 100 100 44836 26643 0 0 0
mv 3 15339 84 48 11
mv 3 15321 87 50 11
mv 3 15315 14 73 11
mv 3 15313 124 86 8
mv 3 15287 22 77 8
mv 3 15284 132 31 10
mv 3 15275 81 46 10
cond 2 164092 0 0 11
cond 2 164094 0 0 12
mv 3 15333 29 86 11
mv 3 15310 112 77 8
mv 3 15295 50 24 8
mv 3 15292 32 54 8
mv 3 15290 28 62 8
mv 3 15282 120 75 10
mv 3 15272 17 70 10
ncif 3 15276
mv 3 15337 63 48 11
mv 3 15322 97 31 11
mv 3 15320 77 22 11
mv 3 15302 81 87 12
mv 3 15298 78 47 8
mv 3 15289 27 71 8
mv 3 15288 24 78 8
mv 3 15279 99 74 10
ptctl 2636 1 164094 74 86 164094 12
mv 3 15331 128 68 11
mv 3 15323 105 74 11
mv 3 15308 106 72 8
mv 3 15301 85 48 8
mv 3 15281 118 48 10
ct 3 15276 1 538316 -1 -1 737
ptctl 2636 1 164092 74 86 164092 11
st 3 15276 97 0 100 100 169025 20537
ct 3 15345 1 538316 -1 -1 743
mv 3 15343 124 43 11
ct 3 15338 1 538316 -1 -1 0
su 3 15338 1 538316 0 9 11 0 0 0 1 78 461 0 0
stat 17395 22260 24467 24467 0 75040
mv 3 15316 21 84 11
mv 3 15311 121 48 8
mv 3 15309 114 53 8
mv 3 15291 31 83 8
su 3 15276 1 538316 737 50 11 0 0 0 1 61 3726 0 0
stat 13669 22260 24467 24467 0 75040
pst 2 164092 0 96 100 15898 11944 0 0 0
pst 2 164094 1 100 100 44836 26643 0 0 0
cond 2 164094 0 0 12
su 3 15345 1 538316 743 60 11 0 0 0 1 33 6302 3 0
stat 7367 22260 24467 24467 0 75040
mv 3 15339 85 46 11
mv 3 15332 12 68 11
mv 3 15319 73 41 11
mv 3 15315 16 75 11
mv 3 15305 104 79 8
mv 3 15303 92 83 8
mv 3 15294 41 27 8
mv 3 15293 36 89 8
mv 3 15287 22 79 8
mv 3 15284 130 31 10
cond 2 164092 0 0 11
mv 3 15329 128 89 11
mv 3 15307 102 57 8
mv 3 15290 26 62 8
mv 3 15285 18 73 8
mv 3 15272 17 71 10
eff 2 164094 3007
ncif 3 15276
mv 3 15337 62 46 11
mv 3 15322 96 33 11
mv 3 15314 132 34 8
mv 3 15298 76 46 8
mv 3 15289 27 72 8
mv 3 15288 25 79 8
ptctl 2636 1 164094 78 86 164094 12
ptctl 2636 1 164092 78 86 164092 11
mv 3 15341 102 29 11
mv 3 15325 107 35 11
mv 3 15308 108 74 8
mv 3 15301 86 47 8
mv 3 15297 72 42 8
mv 3 15281 117 48 10
mv 3 15277 93 28 10
st 3 15276 97 0 100 100 169025 20537
mv 3 15328 121 87 11
mv 3 15312 119 31 8
ct 3 15302 1 538316 -1 -1 738
mv 3 15291 30 82 8
mv 3 15274 36 52 10
pst 2 164092 0 96 100 15898 11944 0 0 0
pst 2 164094 1 100 100 44836 26643 0 0 0
cond 2 164094 0 0 12
mv 3 15339 85 48 11
mv 3 15332 11 70 11
mv 3 15321 88 49 11
mv 3 15313 123 87 8
mv 3 15303 93 85 8
su 3 15302 1 538316 738 60 11 4757 0 0 1 18 3242 0 0
stat 4125 22260 24467 24467 0 75040
mv 3 15286 23 62 8
mv 3 15275 79 46 10
cond 2 164092 0 0 11
ptctl 2636 1 164094 81 86 164094 12
mv 3 15329 129 90 11
mv 3 15307 103 55 8
mv 3 15290 27 63 8
mv 3 15285 20 71 8
mv 3 15282 118 77 10
mv 3 15272 15 73 10
mv 3 15342 109 56 11
mv 3 15340 100 87 11
mv 3 15334 31 61 11
mv 3 15320 78 24 11
mv 3 15304 103 56 8
mv 3 15289 28 74 8
mv 3 15288 26 80 8
mv 3 15279 99 73 10
ncif 3 15276
ptctl 2636 1 164092 81 86 164092 11
mv 3 15323 106 72 11
mv 3 15308 107 74 8
mv 3 15297 72 40 8
mv 3 15281 119 49 10
cond 2 164094 0 0 12
walk 73 89 0 12
ct 3 15338 1 538316 -1 -1 0
su 3 15338 1 538316 0 9 11 0 0 0 1 16 460 0 0
stat 3665 22260 24467 24467 0 75040
mv 3 15335 40 26 11
mv 3 15328 120 86 11
mv 3 15317 25 59 11
mv 3 15309 112 52 8
mv 3 15300 84 49 8
ct 3 15299 1 538316 -1 -1 0
su 3 15299 1 538316 0 10 11 4757 0 0 1 11 1128 0 0
stat 2537 22260 24467 24467 0 75040
mv 3 15274 37 53 10
pst 2 164092 0 96 100 15898 11944 0 0 0
pst 2 164094 1 100 100 44836 26643 0 0 0
st 3 15276 97 0 100 100 169025 20537
ptctl 2636 1 164094 82 87 164094 12
walk 72 88 1 12
cond 2 164092 0 0 11
mv 3 15339 83 47 11
mv 3 15332 12 68 11
mv 3 15313 122 87 8
mv 3 15305 103 78 8
mv 3 15303 94 83 8
mv 3 15294 43 26 8
mv 3 15275 78 46 10
cond 1 538316 0 0 12
cond 1 538316 0 0 12
ct 3 15345 1 538316 -1 -1 0
su 3 15345 1 538316 0 10 11 0 0 0 1 1 2496 3 0
stat 41 22260 24467 24467 0 75040
bf 1 538316 0.450.100 99
mv 3 15329 127 89 11
mv 3 15310 111 77 8
mv 3 15307 102 56 8
mv 3 15290 29 61 8
mv 3 15282 119 76 10
mv 3 15278 101 53 10
ct 3 15276 1 538316 -1 -1 0
su 3 15276 3 15276 0 10 11 0 0 0 1 100 0 2 0
mv 3 15272 14 71 10
cond 2 164094 0 0 12
rc 1 538316 990 0
stat 1031 22260 24467 24467 0 75040
stat 1031 22260 24467 24467 0 75040
cond 1 538316 0 0 12
cond 1 538316 0 0 12
mv 3 15322 98 32 11
mv 3 15320 77 24 11
mv 3 15304 101 55 8
mv 3 15298 77 47 8
mv 3 15288 26 78 8
ncif 3 15276
walk 71 88 0 12
mv 3 15341 104 28 11
mv 3 15338 81 87 16
mv 3 15325 108 35 11
mv 3 15308 108 74 8
mv 3 15301 84 46 8
mv 3 15277 91 29 10
u_i 3 15276 1 9 0 0 
mv 3 15335 42 27 11
mv 3 15328 121 87 11
mv 3 15317 27 61 11
mv 3 15311 122 48 8
mv 3 15291 31 84 8
pst 2 164092 0 96 100 15898 11944 0 0 0
pst 2 164094 1 100 100 44836 26643 0 0 0
st 3 15276 97 0 100 100 169025 20537
walk 69 88 1 12
cond 1 538316 0 0 12
cond 1 538316 0 0 12
walk 68 88 0 12
mv 3 15345 72 88 16
mv 3 15321 86 50 11
mv 3 15319 74 40 11
mv 3 15315 16 74 11
mv 3 15313 120 87 8
mv 3 15305 104 79 8
mv 3 15287 21 78 8
mv 3 15286 22 64 8
mv 3 15284 130 30 10
mv 3 15276 81 88 15
mv 3 15275 79 44 10
rc 1 538316 21229 0
rc 2 164092 612 0
stat 22260 22260 24467 24467 5 75040
ivn 1 9.1242.42.0
walk 67 87 1 12
mv 3 15333 31 84 11
mv 3 15329 126 87 11
mv 3 15307 102 55 8
mv 3 15295 51 26 8
mv 3 15292 34 54 8
mv 3 15290 29 63 8
mv 3 15285 22 72 8
mv 3 15282 120 74 10
cond 1 538316 0 0 12
cond 1 538316 0 0 12
mv 3 15342 107 54 11
mv 3 15340 98 89 11
mv 3 15322 96 32 11
mv 3 15320 76 23 11
mv 3 15314 131 32 8
mv 3 15304 99 55 8
mv 3 15289 26 73 8
mv 3 15288 25 78 8
cond 1 538316 0 0 12
cond 1 538316 0 0 12
ncif 3 15276
mv 3 15341 102 27 11
mv 3 15323 104 70 11
mv 3 15308 107 73 8
mv 3 15302 81 87 12
mv 3 15301 85 44 8
mv 3 15297 70 41 8
mv 3 15281 120 49 10
cond 1 538316 0 0 12
cond 1 538316 0 0 12
walk 68 85 0 12
mv 3 15343 122 44 11
ct 3 15338 2 164092 -1 -1 0
su 3 15338 2 164092 0 9 11 0 0 0 1 82 2820 0 0
mv 3 15327 121 26 11
mv 3 15316 23 83 11
mv 3 15311 120 47 8
mv 3 15309 114 52 8
mv 3 15291 31 82 8
mv 3 15274 36 52 10
pst 2 164092 0 82 100 13690 11944 0 0 0
pst 2 164094 1 100 100 44836 26643 0 0 0
st 3 15276 97 0 100 100 169025 20537
mv 3 15345 66 87 16
mv 3 15332 11 70 11
mv 3 15319 74 39 11
mv 3 15313 121 89 8
mv 3 15305 102 77 8
mv 3 15303 95 81 8
mv 3 15287 22 78 8
mv 3 15284 128 28 10
cond 1 538316 0 0 12
cond 1 538316 0 0 12
mv 3 15329 127 87 11
mv 3 15310 113 79 8
mv 3 15282 118 75 10
mv 3 15278 102 55 10
gcon 1099020|0|19121619
stat 22260 22260 24467 24467 0 75040
stat 22260 22260 24467 24467 0 75040
ncif 3 15276
mv 3 15342 109 53 11
mv 3 15340 100 88 11
mv 3 15337 63 48 11
mv 3 15314 130 34 8
mv 3 15304 100 57 8
mv 3 15289 28 74 8
mv 3 15279 99 71 10
mv 3 15308 109 72 8
mv 3 15302 80 86 12
ct 3 15299 2 164094 -1 -1 0
su 3 15299 2 164094 0 10 11 4757 0 0 1 99 190 0 0
mv 3 15281 118 47 10
mv 3 15343 123 45 11
mv 3 15328 120 88 11
mv 3 15316 22 85 11
mv 3 15312 121 30 8
mv 3 15300 86 48 8
mv 3 15291 30 83 8
mv 3 15274 34 53 10
pst 2 164092 0 82 100 13690 11944 0 0 0
pst 2 164094 1 99 100 44646 26643 0 0 0
st 3 15276 97 0 100 100 169025 20537
ct 3 15345 1 538316 -1 -1 0
su 3 15345 1 538316 0 10 11 0 0 0 1 91 1985 0 0
stat 20275 22260 24467 24467 0 75040
mv 3 15321 85 51 11
mv 3 15319 72 39 11
mv 3 15305 104 77 8
mv 3 15303 93 83 8
mv 3 15293 38 87 8
mv 3 15287 23 78 8
mv 3 15280 106 32 10
mv 3 15295 50 24 8
mv 3 15292 36 55 8
mv 3 15285 20 71 8
mv 3 15282 120 77 10
ct 3 15276 2 164094 -1 -1 0
su 3 15276 2 164094 0 10 11 0 0 0 1 99 0 1 0
mv 3 15272 15 72 10
eff 2 164094 3007
mv 3 15340 100 87 11
mv 3 15337 63 46 11
mv 3 15334 30 63 11
mv 3 15320 75 22 11
mv 3 15298 78 46 8
mv 3 15289 27 75 8
mv 3 15279 101 72 10
ncif 3 15276
