select 0
OK
game_start
lbs 0
tit Mago 
fd 7174539 0 50 1
fd 7174539 27 50 1
c_close 1
equip 77 87 0.4965.7.7.0.3 1.4950.7.8.0.0 2.4975.0.0.0.0 3.4038.0.6.0.0 4.4043.0.6.0.0 5.4962.7.4.0.0 6.4835.0.0.0.0 7.4836.0.0.0.0 8.4837.0.0.0.0 9.4846.0.0.0.0 10.4129.0.0.0.0 12.4502.0.13.21.0 13.8206.0.0.0.0 14.4365.0.0.0.0 15.4373.0.0.0.0 16.4443.0.0.0.0
lev 99 0 80 1085 2140719000 790000 7174539 4 8949636 40 15684900 0
stat 22260 22260 24467 24467 0 75040
ski 260 261 260 261 262 263 265 266 267 268 270 271 272 273 274 275 277 237 695|3 21 26 30 38 42 46 50 53 58 60 90 94 96 97 98 99 100 111 112 103 104 105 370 371 372 374 376 380 381 382 383 284 285 287 288 289 290 291 294
cond 1 538316 0 0 12
at 538316 2632 28 34 2 0 113 1 -1
c_map 0 2632 1
sc 2 7 1154 1267 143 0 0 1 4 1067 1163 972 13 210 8 636 788 726 778 797 76 104 76 104
cond 1 538316 0 0 12
pairy 1 538316 4 1 85 40
rsfi 7 1 10 10 10 10
rage 0 250000
rank_cool 0 0 18000
csp 908184 1000000 6503 10000
scr 24 2 31 0 0 0 0
bn 0 El^equipo^de^Nostale^nunca^te^pedirá^la^contraseña
bn 1 Soporte^de^Nostale:^http://support.nostale.org
bn 2 Visita^nuestro^foro:^http://board.nostale.org
bn 3 Desde^el^foro^tendrás^un^acceso^al^irc
bn 4 ¿Quieres^ser^GM?Revisa^el^foro^para^más^información
bn 5 No^visites^páginas^de^usuarios^ofreciendo^Nos$
bn 6 ¿Asuntos^de^pago?^Visita^https://billing.gameforge.com/
bn 7 Reglas^del^juego:^Visita^el^foro^>^Noticias
bn 8 Los^jugadores^que^compren^oro^serán^baneados
bn 9 El^equipo^de^Nostale^nunca^te^pedirá^la^contraseña
evtb 0 0 0 0 0 0 1 1 1 1 0 0
exts 0 120 120 120
cond 2 171509 0 0 8
cond 2 171509 0 0 8
cond 2 171508 0 0 10
cond 2 171508 0 0 10
cond 2 171507 0 0 10
cond 2 171507 0 0 10
cond 2 171506 0 0 8
cond 2 171506 0 0 8
cond 2 171505 0 0 8
cond 2 171505 0 0 8
cond 2 171504 0 0 11
cond 2 171504 0 0 11
cond 2 171503 0 0 6
cond 2 171503 0 0 6
cond 2 171502 0 0 10
cond 2 171502 0 0 10
cond 2 171501 0 0 9
cond 2 171501 0 0 9
cond 2 171500 0 0 11
cond 2 171500 0 0 11
cond 2 171500 0 0 11
cond 2 171500 0 0 11
sc_n 3 2618 171500 94 1000 226485876 990.5.4 997.6.4 -1 -1 0 0 0 4 819 899 617 12 200 4 599 571 473 571 334 2 0 0 0 0 26570 30570 3503 3503 0 291503800 Ragnar 2703 1 4818.100 1292.5 1293.6 1294.7
sc_n 3 2618 171500 94 1000 226485876 990.5.4 997.6.4 -1 -1 0 0 0 4 819 899 617 12 200 4 599 571 473 571 334 2 5 5 5 5 26570 26570 3503 3503 0 291503800 Ragnar 2703 1 4818.100 1292.5 1293.6 1294.7
cond 2 171500 0 0 11
sc_n 3 2618 171500 94 1000 226485876 990.5.4 997.6.4 -1 -1 0 0 0 4 819 899 617 12 200 4 599 571 473 571 334 2 0 0 0 0 26570 30570 3503 3503 0 291503800 Ragnar 2703 1 4818.100 1292.5 1293.6 1294.7
cond 2 171499 0 0 11
cond 2 171499 0 0 11
cond 2 171498 0 0 10
cond 2 171498 0 0 10
cond 2 171497 0 0 10
cond 2 171497 0 0 10
cond 2 171496 0 0 10
cond 2 171496 0 0 10
cond 2 171495 0 0 13
cond 2 171495 0 0 13
cond 2 171494 0 0 13
cond 2 171494 0 0 13
cond 2 171493 0 0 10
cond 2 171493 0 0 10
cond 2 171492 0 0 10
cond 2 171492 0 0 10
cond 2 171491 0 0 10
cond 2 171491 0 0 10
cond 2 171490 0 0 6
cond 2 171490 0 0 6
cond 2 171489 0 0 10
cond 2 171489 0 0 10
cond 2 171488 0 0 12
cond 2 171488 0 0 12
cond 2 171487 0 0 11
cond 2 171487 0 0 11
cond 2 171487 0 0 11
cond 2 171487 0 0 11
cond 2 171486 0 0 11
cond 2 171486 0 0 11
cond 2 171485 0 0 9
cond 2 171485 0 0 9
cond 2 171484 0 0 9
cond 2 171484 0 0 9
cond 2 171483 0 0 9
cond 2 171483 0 0 9
cond 2 171482 0 0 10
cond 2 171482 0 0 10
cond 2 171481 0 0 10
cond 2 171481 0 0 10
cond 2 171480 0 0 12
cond 2 171480 0 0 12
cond 2 171479 0 0 11
cond 2 171479 0 0 11
cond 2 171479 0 0 11
cond 2 171479 0 0 11
sc_n 2 319 171479 94 1000 1 -1 997.5.2 -1 -1 0 0 0 0 242 242 140 0 0 2 594 573 456 573 367 0 0 0 0 0 34861 34861 10244 10244 0 291503800 Kliff 1102 1 -1 -1 -1 -1
cond 2 171478 0 0 11
cond 2 171478 0 0 11
cond 2 171478 0 0 11
sc_n 1 2640 171478 94 1000 242950 991.7.5 996.2.4 -1 -1 0 0 1 5 871 931 921 13 200 0 84 223 111 223 98 1 0 0 0 0 16510 15310 11944 11944 1 291503800 Jennifer -1 1 4812.100 1318.2 1319.4 1320.7
sc_n 1 2640 171478 94 1000 242950 991.7.5 996.2.4 -1 -1 0 0 1 5 871 931 921 13 200 4 289 619 344 619 299 1 0 0 0 0 16510 15310 10544 10544 1 291503800 Jennifer -1 1 4812.100 1318.2 1319.4 1320.7
cond 2 171478 0 0 11
sc_n 1 2640 171478 94 1000 242950 991.7.5 996.2.4 -1 -1 0 0 1 5 871 931 921 13 200 0 84 223 111 223 98 1 0 0 0 0 16510 15310 10544 11944 1 291503800 Jennifer -1 1 4812.100 1318.2 1319.4 1320.7
sc_n 1 2640 171478 94 1000 242950 991.7.5 996.2.4 -1 -1 0 0 1 5 871 931 921 13 200 4 320 772 396 772 375 1 0 0 0 0 16510 16510 10544 11944 1 291503800 Jennifer -1 1 4812.100 1318.2 1319.4 1320.7
sc_n 1 2640 171478 94 1000 242950 991.7.5 996.2.4 -1 -1 0 0 1 5 871 931 921 13 200 4 320 772 396 772 375 1 0 0 0 0 16510 16510 10544 10544 1 291503800 Jennifer -1 1 4812.100 1318.2 1319.4 1320.7
sc_n 1 2640 171478 94 1000 242950 991.7.5 996.2.4 -1 -1 0 0 1 5 871 931 921 13 200 4 320 692 396 692 375 1 0 0 0 0 15310 15310 10544 10544 1 291503800 Jennifer -1 1 4812.100 1318.2 1319.4 1320.7
cond 2 171478 0 0 11
sc_n 1 2640 171478 94 1000 242950 991.7.5 996.2.4 -1 -1 0 0 1 5 871 931 921 13 200 0 84 223 111 223 98 1 0 0 0 0 15310 15310 10544 11944 1 291503800 Jennifer -1 1 4812.100 1318.2 1319.4 1320.7
sc_n 1 2640 171478 94 1000 242950 991.7.5 996.2.4 -1 -1 0 0 1 5 871 931 921 13 200 4 320 772 396 772 375 1 0 0 0 0 15310 16510 10544 11944 1 291503800 Jennifer -1 1 4812.100 1318.2 1319.4 1320.7
cond 2 171477 0 0 12
cond 2 171477 0 0 12
cond 2 171477 0 0 12
sc_n 0 2620 171477 94 1000 5780688 992.3.0 995.6.10 -1 -1 0 0 2 0 683 773 70 0 0 0 65 177 88 177 107 2 0 0 0 0 9401 9401 12447 17447 0 291503800 Erdimien 2704 1 4810.100 1315.4 1316.1 1317.6
sc_n 0 2620 171477 94 1000 5780688 992.3.0 995.6.10 -1 -1 0 0 2 0 683 773 70 0 0 10 270 573 321 573 308 2 0 0 0 0 9401 9401 12447 12447 0 291503800 Erdimien 2704 1 4810.100 1315.4 1316.1 1317.6
cond 2 171477 0 0 12
sc_n 0 2620 171477 94 1000 5780688 992.3.0 995.6.10 -1 -1 0 0 2 0 683 773 70 0 0 0 65 177 88 177 107 2 0 0 0 0 9401 9401 12447 17447 0 291503800 Erdimien 2704 1 4810.100 1315.4 1316.1 1317.6
sc_n 0 2620 171477 94 1000 5780688 992.3.0 995.6.10 -1 -1 0 0 2 0 683 773 70 0 0 10 250 481 302 481 373 2 0 0 0 0 9401 13401 12447 17447 0 291503800 Erdimien 2704 1 4810.100 1315.4 1316.1 1317.6
sc_n 0 2620 171477 94 1000 5780688 992.3.0 995.6.10 -1 -1 0 0 2 0 683 773 70 0 0 10 250 481 302 481 373 2 2 2 2 2 9401 13401 12447 12447 0 291503800 Erdimien 2704 1 4810.100 1315.4 1316.1 1317.6
sc_n 0 2620 171477 94 1000 5780688 992.3.0 995.6.10 -1 -1 0 0 2 0 683 773 70 0 0 10 250 481 302 481 373 2 2 2 2 2 9401 9401 12447 12447 0 291503800 Erdimien 2704 1 4810.100 1315.4 1316.1 1317.6
cond 2 171477 0 0 12
sc_n 0 2620 171477 94 1000 5780688 992.3.0 995.6.10 -1 -1 0 0 2 0 683 773 70 0 0 0 65 177 88 177 107 2 0 0 0 0 9401 9401 12447 17447 0 291503800 Erdimien 2704 1 4810.100 1315.4 1316.1 1317.6
sc_n 0 2620 171477 94 1000 5780688 992.3.0 995.6.10 -1 -1 0 0 2 0 683 773 70 0 0 10 250 481 302 481 373 2 0 0 0 0 9401 13401 12447 17447 0 291503800 Erdimien 2704 1 4810.100 1315.4 1316.1 1317.6
cond 2 171476 0 0 13
cond 2 171476 0 0 13
p_clear
sc_p 8 158 171509 12 1000 148 2 0 132 232 70 2 70 0 50 89 50 89 51 1 80 -30 40 10 751 751 402 402 0 2457 0 Ardilla^fumigadora 0
sc_p 27 448 171508 1 1000 0 0 0 42 45 32 14 90 0 48 41 37 41 23 0 5 10 2 15 156 156 10 10 0 15 0 Hada^graslin 0
sc_p 14 156 171507 23 1000 4900 0 0 170 224 162 4 70 0 88 166 93 166 73 3 70 70 70 70 2346 2346 363 363 0 25680 0 Ardilla^marrón 0
sc_p 29 176 171506 1 1000 0 0 0 30 38 30 4 70 0 17 34 19 34 17 2 0 0 0 0 121 121 60 60 0 15 0 Ardilla^Santa 0
sc_p 0 535 171505 24 1000 24840 2 0 136 202 70 14 75 0 86 159 94 159 85 2 -10 8 5 4 865 865 382 382 0 29430 0 Muñeco^de^Nieve 0
sc_p 10 803 171504 2 1000 5 0 0 35 67 35 10 100 0 20 39 22 39 19 3 70 50 70 50 499 499 65 65 0 42 0 Chick^Norris 0
sc_p 2 567 171503 1 1000 0 1 0 41 48 44 10 150 0 18 31 17 31 13 2 5 5 5 5 168 168 24 24 0 15 0 Hada^oval 0
sc_p 18 824 171502 1 1000 0 0 0 70 138 30 6 100 0 27 34 29 34 32 2 4 22 6 6 321 321 60 60 0 15 0 Jelly^saltarín^jove 0
sc_p 16 801 171501 2 1000 35 0 0 46 51 37 14 90 0 50 46 40 46 25 3 5 2 10 15 175 175 15 15 0 42 0 Chicky^saltador 0
sc_n 3 2618 171500 94 1000 226485876 990.5.4 997.6.4 -1 -1 0 0 0 4 819 899 617 12 200 4 599 571 473 571 334 2 5 5 5 5 26570 30570 3503 3503 0 291503800 Ragnar 2703 1 4818.100 1292.5 1293.6 1294.7
sc_p 3 2701 171499 94 1000 62984 1 0 562 720 748 8 200 0 313 564 327 564 243 1 10 0 10 10 20838 20838 2040 2040 0 72875950 1 Mecanigato 0
sc_p 17 752 171498 1 1000 0 0 0 40 63 34 2 60 0 25 34 24 34 22 1 55 35 40 40 450 450 60 60 0 15 0 Ardilla^toro 0
sc_p 19 840 171497 1 1000 0 0 0 55 88 40 5 70 0 42 35 54 35 27 2 1 5 3 2 341 341 60 60 0 15 0 Leo,^el^Cobarde 0
sc_p 7 2119 171496 14 1000 168 0 0 143 213 108 10 70 0 70 109 65 109 57 3 20 50 70 40 1361 1361 240 240 0 3720 0 Oveja^amarilla 0
sc_p 26 846 171495 1 1000 0 0 0 130 188 90 5 160 0 17 54 19 54 17 1 80 45 55 60 221 221 60 60 0 15 0 Teo^Terciopié 0
sc_p 11 2683 171494 91 1000 36268 1 0 615 782 814 4 70 0 298 601 334 601 294 3 60 70 80 60 21300 21300 10550 10550 0 55644450 1 Almirante^Ojo^de^Ág 1
sc_p 24 844 171493 1 1000 0 2 0 140 168 70 0 0 0 17 34 19 34 17 3 60 50 80 50 271 271 60 60 0 15 0 Ardilla^cowboy 0
sc_p 28 843 171492 1 1000 0 0 0 130 168 90 10 140 0 17 34 19 34 17 2 50 80 60 50 331 331 60 60 0 15 0 Ardilla^vikinga 0
sc_p 15 824 171491 1 1000 0 0 0 70 138 30 6 100 0 27 34 29 34 32 2 4 22 6 6 321 321 60 60 0 15 0 Jelly^saltarín^jove 0
sc_p 12 581 171490 1 1000 0 2 0 70 155 70 4 70 0 17 34 19 34 17 2 20 60 50 50 261 261 60 60 0 15 0 Ardilla^marinera 0
sc_p 25 614 171489 1 1000 0 2 0 71 157 70 2 70 0 17 34 19 34 17 1 80 50 50 60 221 221 60 60 0 15 0 Ardilla^de^unidad^e 0
sc_p 5 1384 171488 90 1000 7308 2 1 633 795 70 4 70 4 331 479 272 479 309 0 50 40 20 70 35480 35480 12147 12147 0 50142850 1 Ardilla^calabaza 0
sc_n 4 2641 171487 94 1000 1 -1 -1 -1 -1 0 0 1 0 214 214 428 0 0 0 88 214 107 214 88 3 0 0 0 0 16921 16921 8410 8410 0 291503800 Amora^sin^alas -1 0 -1 -1 -1 -1
sc_p 4 828 171486 93 1000 1059040 0 0 633 827 532 12 150 0 354 531 312 531 288 2 60 80 70 60 37936 37936 4582 4582 0 67009700 0 Kagome 0
sc_p 6 830 171485 15 1000 3955 0 0 117 154 104 4 70 2 67 113 65 113 55 3 40 40 40 40 1225 1225 195 195 0 5256 0 Rudi^Rabauke^joven 0
sc_p 20 2106 171484 6 1000 230 0 0 73 97 56 4 70 0 38 65 36 65 34 1 40 40 40 40 470 470 108 108 0 420 0 Pavesa 0
sc_p 1 664 171483 10 1000 91 0 0 97 132 82 10 150 0 43 117 47 117 38 1 50 50 50 50 706 706 128 128 0 1518 0 Conejo^entrañable 0
sc_p 23 824 171482 1 1000 0 0 0 70 138 30 6 100 0 27 34 29 34 32 2 4 22 6 6 321 321 60 60 0 15 0 Jelly^saltarín^jove 0
sc_p 21 3107 171481 93 1000 1 0 0 540 716 560 4 70 0 306 564 322 564 255 3 60 80 70 70 20638 20638 3503 3503 0 67009700 0 Picaña^dócil 0
sc_p 13 670 171480 95 240 31210465 2 0 660 830 70 4 70 6 372 592 337 592 389 2 60 80 70 60 44836 44836 26643 26643 1 78866350 1 Widersito 1
sc_n 2 319 171479 94 1000 1 -1 997.5.2 -1 -1 0 0 0 0 242 242 140 0 0 2 594 573 456 573 367 0 5 5 5 5 34861 34861 10244 10244 0 291503800 Kliff 1102 1 -1 -1 -1 -1
sc_n 1 2640 171478 94 1000 242950 991.7.5 996.2.4 -1 -1 0 0 1 5 871 931 921 13 200 4 320 772 396 772 375 1 0 0 0 0 15310 16510 10544 11944 1 291503800 Jennifer -1 1 4812.100 1318.2 1319.4 1320.7
sc_n 0 2620 171477 94 1000 5780688 992.3.0 995.6.10 -1 -1 0 0 2 0 683 773 70 0 0 10 250 481 302 481 373 2 2 2 2 2 9401 13401 12447 17447 0 291503800 Erdimien 2704 1 4810.100 1315.4 1316.1 1317.6
sc_p 9 769 171476 1 1000 0 0 0 130 150 55 15 180 0 32 35 37 35 13 0 20 20 20 20 350 350 60 60 0 15 0 Ardilla^boxeadora 0
sc_p_stc 3 2
npinfo 0
ctl 2 171478 3
in 2 2640 171478 28 33 2 92 88 0 0 3 538316 1 0 -1 Jennifer 1 1 0 0 0 0 0 0 0 0
cond 2 171478 0 0 11
ski 260 261 260 261 262 263 265 266 267 268 270 271 272 273 274 275 277 237 1488 1489 695|3 21 26 30 38 42 46 50 53 58 60 90 94 96 97 98 99 100 111 112 103 104 105 370 371 372 374 376 380 381 382 383 284 285 287 288 289 290 291 294
qslot 0 0.1.0 0.2.31 0.-1.-1 1.1.13 1.1.12 1.1.15 1.3.12 1.1.10 1.3.11 0.-1.-1 1.1.2 1.1.3 1.1.5 1.1.7 1.1.17 1.1.14 1.1.39 1.1.38 1.1.11 0.1.119 0.-1.-1 0.1.119 0.1.119 0.1.119 0.1.119 0.1.28 0.1.119 0.0.53 0.0.59 1.1.41
qslot 1 0.1.1 0.1.119 0.1.119 7.7.-1 7.7.-1 7.7.-1 7.7.-1 7.7.-1 7.7.-1 7.7.-1 1.1.8 1.1.1 7.7.-1 7.7.-1 7.7.-1 7.7.-1 7.7.-1 7.7.-1 7.7.-1 7.7.-1 7.7.-1 7.7.-1 7.7.-1 7.7.-1 7.7.-1 7.7.-1 7.7.-1 7.7.-1 7.7.-1 7.7.-1
ctl 2 171480 3
in 2 670 171480 29 35 2 100 100 0 0 3 538316 1 0 -1 Widersito 2 -1 0 0 0 0 0 0 0 0
cond 2 171480 0 0 12
sc_p_stc 3 2
npinfo 0
sc_p 13 670 171480 95 240 31210465 2 0 660 830 70 4 70 6 372 592 337 592 389 2 60 80 70 60 44836 44836 26643 26643 1 78866350 1 Widersito 1
petski -1
title 10.1 5.1 9.1 8.1 4.1 7.1 6.1 3.1 2.1 1.1 0.3 11.1 100.5 80.1
titinfo 1 538316 9300 9400
zzim
umi 5060.676 5675.-1 5676.-1 5677.-1 5797.-1
ib 1278 1
qstlist 6.6090.0.4.0.10.0.0.10.0.0.0.0.0.0.0 7.6227.0.4.0.15.0.0.15.0.15.0.0.0.0.0 8.7633.0.1.0.1.0.0.1.0.0.0.0.0.0.0 9.6248.0.12.0.0.0.0.0.0.0.0.0.0.0.0 11.7624.0.1.0.1.0.0.0.0.0.0.0.0.0.0 13.6721.0.14.0.1.0.0.0.0.0.0.0.0.0.0
sqst  0 0000000000000000000000000000000000000000000000000000000000000000000000000000000000000000000000000000000000000000000000000000000000000000000000000000000000000000000000000000000000000000000000000000000000000000000000000000000000000000000000000000000000
sqst  1 00000000000000000000000000000000000000000000000000000000000000000000000000000000000000000000000000000000000000000000000000000O0000000000000000000000000000000000000000000000000000000000000000000000000000000000000000000000000000000000000000000000000000
sqst  2 0000000000000000000000000000000000000000000000000000000000000000000000000000000000000000000000000000000000000000000000000000000000000000000000000000000000000000000000000000000000000000000000000000000000000000000000000000000000000000000000000000000000
sqst  3 00000000000000000000000000000000000000000000000000000000000000000000000000000000000U}}t}}V}O}0000000000000000000000X0}060X00O}00000000000000000000000000000000006000000000000000000000000000000000000000000000000000000000000000000000000zW000000000000000
sqst  4 01UX00O}}}}}}}}0000000V}XU}}}}}}}}}}}l00UX000000000000VW000000000000000000000000000U}}z}}}}}}}}}}z}zV}}}l000000000000O}}y}}Z000000000000000000000000000000000000000000000000000000000000000000000000000000000000000000000000000000000000000000000000000000
sqst  5 0000000000000000000000000000000000000000000000000000000000000000000000000000000000000000000000000000000000000000000000000000000000000000000000000000000000000000000000000000000000000000000000000000000000000000000000000000000000000000000000000000000000
sqst  6 0000000000000000000000000000000000000000000000000000000000000000000000000000000000000000000000000000000000000000000000000000000000000000000000000000000000000000000000000000000000000000000000000000000000000000000000000000000000000000000000000000000000
eq 538316 0 0 3 97 3 4975.4950.4965.4962.4846.4129.8206.4365.4373.4443 77 87 10
act6 
fmi 0|9000|2|0|0 0|9002|2|0|0 0|9003|2|0|0 0|9004|2|9|134 0|9005|1|20191216|137 0|9006|2|0|244 0|9007|2|0|14 0|9008|2|3|42 0|9009|2|3|9 0|9010|2|0|13 0|9011|2|2|4 0|9012|2|4|4 0|9013|2|4|48 0|9014|1|20191216|91 0|9015|1|20191216|45 0|9016|2|2|43 0|9017|2|9|239 1|9018|1|20190403|0 1|9019|1|20190403|0 1|9020|1|20190403|0 1|9021|1|20190403|0 1|9022|1|20190403|0 1|9023|1|20190403|0 1|9024|1|20190403|0 1|9025|1|20190403|0 1|9026|1|20190403|0 1|9027|1|20190611|0 1|9028|1|20190911|0 1|9029|2|0|0 1|9037|1|20190403|0 1|9038|1|20190413|0 1|9039|1|20190611|0 1|9040|2|700|0 1|9042|1|20190703|0 1|9043|1|20190706|0 1|9044|1|20190713|0 1|9045|1|20190807|0 1|9046|2|2787|0 1|9047|1|20190703|0 1|9048|1|20190706|0 1|9049|1|20190713|0 1|9050|1|20190807|0 1|9051|2|1454|0 1|9052|1|20190407|0 1|9053|1|20190508|0 1|9054|2|588|0 1|9055|1|20190405|0 1|9056|1|20190417|0 1|9057|1|20190516|0 1|9058|1|20190922|0 1|9059|2|148|0 1|9060|1|20190405|0 1|9061|1|20190419|0 1|9062|1|20190519|0 1|9063|1|20190822|0 1|9064|2|151|0 1|9065|1|20190403|0 1|9066|1|20190415|0 1|9067|1|20190518|0 1|9068|1|20191007|0 1|9069|2|131|0 1|9070|1|20190403|0 1|9071|1|20190416|0 1|9072|1|20190508|0 1|9073|1|20190811|0 1|9074|2|158|0 0|9075|2|0|239 0|9076|2|0|117 0|9077|2|9|10 0|9078|2|0|205 0|9079|2|1|12
fmp 9695|0 9697|0 9688|0 9681|0 9686|0 9750|0 9740|0 9691|0 9735|0 9745|0
gcon 538316|1|0
gexp 415726|1719283 394409|792367 538316|17126 327663|169799 712452|82822 371984|382324 654329|912116 539788|246370 819684|114529 818429|559961 1040204|51678 352013|40552 732416|6675 193646|104922 520463|97315 805830|256318 72604|559098 57801|7708 638887|79032 62675|70253 60587|24686 668911|41797 158360|7872 557883|19495 710684|60881 256869|139001 546721|195687 751316|4040 365274|320087 123477|43195 495873|165652 239929|22075 807224|196146 92504|60241 462697|5500 409316|117767 583627|26568 593294|26892 597291|46555 892068|2000 723457|11073 416400|14758 105493|271432 691979|166757 52295|162785 433058|3366 758029|10941 818167|12273 806020|213968 660591|96386 1090443|299887 201818|80547 1380|50800 568160|25231 620230|48737 173626|80190 563233|20610 476043|65000 806166|26164 628176|22039 284237|30059 427154|44429 673691|8646 585529|15483 400770|57301 829343|75133 1049723|800 576169|6600 737565|4300 728314|21348 431562|6737 731333|7816 614945|27730 591747|18587 640457|28543 320657|2900 1049026|62103 559954|45645 730749|1233 541837|3000 777909|97348 1099020|5724 466183|32599 704336|52413 737845|48941 551950|25200 670667|75907 315486|1000 456755|7556 410152|19584 822387|38600 742191|0 796786|300 896356|300 838076|500 840311|0 411877|0
fs 2
mv 3 14941 3 26 8
mv 3 14954 19 90 10
mv 3 14950 23 76 8
mv 3 14949 21 42 8
mv 3 14948 18 22 8
mv 3 14935 19 68 8
p_clear
sc_p 8 158 171509 12 1000 148 2 0 132 232 70 2 70 0 50 89 50 89 51 1 80 -30 40 10 751 751 402 402 0 2457 0 Ardilla^fumigadora 0
sc_p 27 448 171508 1 1000 0 0 0 42 45 32 14 90 0 48 41 37 41 23 0 5 10 2 15 156 156 10 10 0 15 0 Hada^graslin 0
sc_p 14 156 171507 23 1000 4900 0 0 170 224 162 4 70 0 88 166 93 166 73 3 70 70 70 70 2346 2346 363 363 0 25680 0 Ardilla^marrón 0
sc_p 29 176 171506 1 1000 0 0 0 30 38 30 4 70 0 17 34 19 34 17 2 0 0 0 0 121 121 60 60 0 15 0 Ardilla^Santa 0
sc_p 0 535 171505 24 1000 24840 2 0 136 202 70 14 75 0 86 159 94 159 85 2 -10 8 5 4 865 865 382 382 0 29430 0 Muñeco^de^Nieve 0
sc_p 10 803 171504 2 1000 5 0 0 35 67 35 10 100 0 20 39 22 39 19 3 70 50 70 50 499 499 65 65 0 42 0 Chick^Norris 0
sc_p 2 567 171503 1 1000 0 1 0 41 48 44 10 150 0 18 31 17 31 13 2 5 5 5 5 168 168 24 24 0 15 0 Hada^oval 0
sc_p 18 824 171502 1 1000 0 0 0 70 138 30 6 100 0 27 34 29 34 32 2 4 22 6 6 321 321 60 60 0 15 0 Jelly^saltarín^jove 0
sc_p 16 801 171501 2 1000 35 0 0 46 51 37 14 90 0 50 46 40 46 25 3 5 2 10 15 175 175 15 15 0 42 0 Chicky^saltador 0
sc_n 3 2618 171500 94 1000 226485876 990.5.4 997.6.4 -1 -1 0 0 0 4 819 899 617 12 200 4 599 571 473 571 334 2 5 5 5 5 26570 30570 3503 3503 0 291503800 Ragnar 2703 1 4818.100 1292.5 1293.6 1294.7
sc_p 3 2701 171499 94 1000 62984 1 0 562 720 748 8 200 0 313 564 327 564 243 1 10 0 10 10 20838 20838 2040 2040 0 72875950 1 Mecanigato 0
sc_p 17 752 171498 1 1000 0 0 0 40 63 34 2 60 0 25 34 24 34 22 1 55 35 40 40 450 450 60 60 0 15 0 Ardilla^toro 0
sc_p 19 840 171497 1 1000 0 0 0 55 88 40 5 70 0 42 35 54 35 27 2 1 5 3 2 341 341 60 60 0 15 0 Leo,^el^Cobarde 0
sc_p 7 2119 171496 14 1000 168 0 0 143 213 108 10 70 0 70 109 65 109 57 3 20 50 70 40 1361 1361 240 240 0 3720 0 Oveja^amarilla 0
sc_p 26 846 171495 1 1000 0 0 0 130 188 90 5 160 0 17 54 19 54 17 1 80 45 55 60 221 221 60 60 0 15 0 Teo^Terciopié 0
sc_p 11 2683 171494 91 1000 36268 1 0 615 782 814 4 70 0 298 601 334 601 294 3 60 70 80 60 21300 21300 10550 10550 0 55644450 1 Almirante^Ojo^de^Ág 1
sc_p 24 844 171493 1 1000 0 2 0 140 168 70 0 0 0 17 34 19 34 17 3 60 50 80 50 271 271 60 60 0 15 0 Ardilla^cowboy 0
sc_p 28 843 171492 1 1000 0 0 0 130 168 90 10 140 0 17 34 19 34 17 2 50 80 60 50 331 331 60 60 0 15 0 Ardilla^vikinga 0
sc_p 15 824 171491 1 1000 0 0 0 70 138 30 6 100 0 27 34 29 34 32 2 4 22 6 6 321 321 60 60 0 15 0 Jelly^saltarín^jove 0
sc_p 12 581 171490 1 1000 0 2 0 70 155 70 4 70 0 17 34 19 34 17 2 20 60 50 50 261 261 60 60 0 15 0 Ardilla^marinera 0
sc_p 25 614 171489 1 1000 0 2 0 71 157 70 2 70 0 17 34 19 34 17 1 80 50 50 60 221 221 60 60 0 15 0 Ardilla^de^unidad^e 0
sc_p 5 1384 171488 90 1000 7308 2 1 633 795 70 4 70 4 331 479 272 479 309 0 50 40 20 70 35480 35480 12147 12147 0 50142850 1 Ardilla^calabaza 0
sc_n 4 2641 171487 94 1000 1 -1 -1 -1 -1 0 0 1 0 214 214 428 0 0 0 88 214 107 214 88 3 0 0 0 0 16921 16921 8410 8410 0 291503800 Amora^sin^alas -1 0 -1 -1 -1 -1
sc_p 4 828 171486 93 1000 1059040 0 0 633 827 532 12 150 0 354 531 312 531 288 2 60 80 70 60 37936 37936 4582 4582 0 67009700 0 Kagome 0
sc_p 6 830 171485 15 1000 3955 0 0 117 154 104 4 70 2 67 113 65 113 55 3 40 40 40 40 1225 1225 195 195 0 5256 0 Rudi^Rabauke^joven 0
sc_p 20 2106 171484 6 1000 230 0 0 73 97 56 4 70 0 38 65 36 65 34 1 40 40 40 40 470 470 108 108 0 420 0 Pavesa 0
sc_p 1 664 171483 10 1000 91 0 0 97 132 82 10 150 0 43 117 47 117 38 1 50 50 50 50 706 706 128 128 0 1518 0 Conejo^entrañable 0
sc_p 23 824 171482 1 1000 0 0 0 70 138 30 6 100 0 27 34 29 34 32 2 4 22 6 6 321 321 60 60 0 15 0 Jelly^saltarín^jove 0
sc_p 21 3107 171481 93 1000 1 0 0 540 716 560 4 70 0 306 564 322 564 255 3 60 80 70 70 20638 20638 3503 3503 0 67009700 0 Picaña^dócil 0
sc_p 13 670 171480 95 240 31210465 2 0 660 830 70 4 70 6 372 592 337 592 389 2 60 80 70 60 44836 44836 26643 26643 1 78866350 1 Widersito 1
sc_n 2 319 171479 94 1000 1 -1 997.5.2 -1 -1 0 0 0 0 242 242 140 0 0 2 594 573 456 573 367 0 5 5 5 5 34861 34861 10244 10244 0 291503800 Kliff 1102 1 -1 -1 -1 -1
sc_n 1 2640 171478 94 1000 242950 991.7.5 996.2.4 -1 -1 0 0 1 5 871 931 921 13 200 4 320 772 396 772 375 1 0 0 0 0 15310 16510 10544 11944 1 291503800 Jennifer -1 1 4812.100 1318.2 1319.4 1320.7
sc_n 0 2620 171477 94 1000 5780688 992.3.0 995.6.10 -1 -1 0 0 2 0 683 773 70 0 0 10 250 481 302 481 373 2 2 2 2 2 9401 13401 12447 17447 0 291503800 Erdimien 2704 1 4810.100 1315.4 1316.1 1317.6
sc_p 9 769 171476 1 1000 0 0 0 130 150 55 15 180 0 32 35 37 35 13 0 20 20 20 20 350 350 60 60 0 15 0 Ardilla^boxeadora 0
inv 0 0.204.0.0.0.0 1.221.0.0.0.0 2.4441.0.0.0.0 3.4699.0.0.0.0 4.4260.0.0.0.0 5.4268.0.0.0.0 42.4982.8.7.0.7 43.4504.0.0.0.0 44.4933.0.5.0.0 45.4931.0.6.0.0 47.8026.0.0.0.0 48.317.0.5.0.0 49.380.0.5.0.0 50.709.0.6.0.0 51.4956.7.7.0.0 52.4503.0.0.0.0 53.4950.7.0.0.0 54.321.0.5.0.0 55.388.0.5.0.0 56.4132.0.0.0.0 57.4131.0.0.0.0 58.275.0.0.0.0 59.4950.7.7.0.0
inv 1 0.5743.1 1.5319.1 2.5714.1 3.5332.1 4.5152.1 5.5836.1 6.1247.14 7.5195.3 8.1015.38 9.1242.45 10.1004.43 11.1016.72 12.5763.70 13.5862.20 14.5863.39 15.1429.93 16.1027.598 17.5911.6 18.1246.49 19.1211.3 20.5972.32 21.5977.1 22.1612.8 23.1078.177 24.5959.2 25.1615.33 26.5879.3 27.5769.1 29.5768.1 30.5785.2 31.5784.2 32.5786.3 33.5854.12 34.1013.193 35.1025.5 36.5755.19 37.1012.548 38.5806.1 39.1010.4 40.1248.5 41.5770.1 42.5853.83 43.1144.14 44.5855.18 45.5215.13 46.1249.7 47.1026.7 48.1285.3 49.1286.49 50.1092.20 51.5119.2 52.1014.27 53.5970.17 54.1900.13 55.1246.998 56.1247.999 57.1241.4 58.1009.8 59.1007.39 60.1617.41 61.1616.56 62.1614.15 63.1611.14 64.1618.24 65.1620.27 66.5821.2 67.1095.2 68.1619.26 69.1613.15 70.5216.13 71.1296.8 72.1093.3 73.5722.1 74.1235.1 75.5881.1 76.5880.1 77.5858.1
inv 2 0.2072.371 1.2070.368 2.2071.512 3.2522.1 4.2523.120 5.2206.42 6.2285.397 7.2029.272 8.2283.35 9.2284.32 10.2308.660 11.2296.371 12.2363.3 13.2077.34 14.2348.2 15.2402.2 16.2472.6 17.2027.97 18.2414.10 19.2398.2 20.2329.106 21.2512.426 22.2361.9 23.2406.49 24.2170.2 25.2365.3 26.2408.82 27.2282.55 28.2028.67 29.2467.7 30.2511.67 31.2327.63 32.2205.2 33.2307.26 34.10048.17 35.2098.9 36.2430.3 37.2018.1 38.2407.9 39.2411.52 40.2027.445 41.2097.270 42.2410.206 43.2451.17 44.2384.1 45.2459.47 46.2465.5 47.2423.5 48.2475.1 49.2027.477 50.2466.37 51.2366.86 52.2511.999 53.2460.108 54.2326.716 55.2196.4 56.2415.25 57.2416.41 58.2417.243 59.2089.491 60.2513.409 61.2329.999 62.2517.3 63.2521.1 64.2519.3 65.2799.15 66.2516.2 67.2515.3 68.2462.1 69.2127.163 70.2027.999 71.2027.999 72.2027.999 73.2027.999 74.2089.999 75.2329.999 76.2089.999 77.2077.999 78.2173.2 79.2207.4 80.2099.1 81.2100.3 82.2129.3 83.2209.3 84.2311.29 85.2212.3 86.2102.3 87.2211.2 88.2101.3 89.2210.1 90.2816.18 91.2803.3 92.2818.1 93.2811.42 94.2208.6 95.2805.21 96.2819.10 97.2814.16 98.2474.1 99.2520.3
inv 3 0.3205.1 1.3216.1 2.3165.1 3.3114.1 4.3113.1 5.3113.1 6.3113.1 7.3005.1 8.3113.1 9.3000.1 10.3113.1 11.3056.1 12.3056.1 13.3059.1 14.3113.1 15.3193.1 16.3070.1 17.3070.1 18.3231.1 19.3114.1 20.3213.1 21.3218.1 22.3230.1 23.3191.1 24.3199.1 25.3114.1 26.3206.1 27.3196.1 28.3168.1 29.3156.1 30.3182.1 31.3212.1 32.3163.1 33.3203.1 34.3223.1 35.3221.1 36.3200.1 37.3157.1 38.3222.1 39.3230.1 40.3186.1 41.3140.1 42.3185.1 43.3174.1 44.3162.1 45.3181.1 46.3183.1 47.3149.1 48.3168.1 49.3137.1
mlobjlst 0.0.0.0.2.2.0.100.0.0 1.1.2.5.0.0.0.100.0.0 2.0.0.0.0.0.0.100.0.0 3.1.26.15.0.0.0.100.0.0 4.0.0.0.3.0.0.100.0.0 5.1.16.2.3.0.0.100.0.0 6.1.8.2.3.0.0.100.0.0 7.0.0.0.4.2.0.100.0.0 8.1.11.2.3.0.0.100.0.0 9.1.24.6.8.3.0.100.0.0 10.1.2.15.3.0.0.100.0.0 11.1.6.2.0.0.0.100.0.0 12.1.14.2.0.0.0.100.0.0 13.1.6.14.0.0.0.100.0.0 14.1.2.2.3.0.0.100.0.0 15.0.0.0.0.0.0.100.0.0 16.1.24.9.0.0.0.100.0.0 17.1.30.9.0.0.0.100.0.0 18.0.0.0.0.0.0.100.0.0 19.0.0.0.0.0.0.100.0.0 20.0.0.0.0.0.0.100.0.0 21.0.0.0.2.0.0.100.0.0 22.0.0.0.3.0.0.100.0.0 23.0.0.0.2.0.0.100.0.0 24.0.0.0.0.0.0.100.0.0 25.0.0.0.0.0.0.100.0.0 26.1.21.14.2.2.0.100.0.0 27.1.27.9.0.0.0.100.0.0 28.0.0.0.0.0.0.100.0.0 29.0.0.0.2.1.0.100.0.0 30.0.0.0.0.0.0.100.0.0 31.1.2.9.0.0.0.100.0.0 32.0.0.0.0.0.0.100.0.0 33.1.32.14.2.2.0.100.0.0 34.1.31.3.4.2.0.100.0.0 35.0.0.0.0.0.0.100.0.0 36.0.0.0.0.0.0.100.0.0 37.1.18.5.0.0.0.100.0.0 38.0.0.0.0.0.0.100.0.0 39.0.0.0.3.0.0.100.0.0 40.0.0.0.2.1.0.100.0.0 41.0.0.0.0.0.0.100.0.0 42.0.0.0.3.2.0.100.0.0 43.0.0.0.0.0.0.100.0.0 44.0.0.0.0.0.0.100.0.0 45.0.0.0.0.0.0.100.0.0 46.0.0.0.0.0.0.100.0.0 47.0.0.0.0.0.0.100.0.0 48.0.0.0.0.0.0.100.0.0 49.0.0.0.4.2.0.100.0.0
inv 6 0.900.0.13.0 1.905.0.10.33 2.906.0.9.45 3.906.0.0.0 4.907.0.13.0 5.908.0.0.0 6.913.0.10.42 7.914.0.14.63 8.4099.0.13.0 9.4326.0.0.0 10.4326.0.0.0 11.4487.0.0.0 12.4487.0.12.25 13.4487.0.0.0 14.4488.0.0.0 15.4488.0.0.0 16.4488.0.0.0 17.4488.0.0.0 18.4488.0.0.0 19.4488.0.0.0 20.4489.0.0.0 21.4489.0.0.0 22.4489.0.0.0 23.4489.0.0.0 24.4489.0.0.0 25.4491.0.0.0 26.4492.0.0.0 27.4499.0.11.68 28.4502.0.0.0 29.4502.0.0.0 30.4502.0.0.0 31.4802.0.0.0 32.4802.0.0.0 33.4805.0.0.0 34.4805.0.0.0 35.4806.0.0.0 36.4809.0.0.0 37.4810.0.0.0 38.4812.0.0.0 39.4812.0.0.0 40.4813.0.0.0 41.4819.0.0.0 42.8245.0.0.0
inv 7 0.189.0.0.0 1.454.0.0.0 2.454.0.0.0 3.456.0.0.0 4.492.0.0.0 5.976.0.0.0 6.976.0.0.0 7.977.0.0.0 8.982.0.0.0 9.982.0.0.0 10.986.0.168.0 11.986.0.168.0 12.4068.0.0.0 13.4075.0.0.0 14.4075.0.0.0 15.4076.0.0.0 16.4143.0.0.0 17.4147.0.0.0 18.4169.0.0.0 19.4169.0.0.0 20.4179.0.0.0 21.4195.0.0.0 22.4196.0.0.0 23.4242.0.0.0 24.4250.0.168.0 25.4250.0.168.0 26.4254.0.168.0 27.4258.0.0.0 28.4266.0.0.0 29.4367.0.0.0 30.4382.0.0.0 31.8053.0.0.0 32.8054.0.0.0 33.8055.0.0.0 34.8073.0.0.0 35.8074.0.0.0 36.8081.0.0.0 37.8088.0.0.0 38.8088.0.0.0 39.8100.0.0.0 40.8122.0.0.0 41.8122.0.0.0 42.8133.0.0.0 43.8137.0.0.0 44.8138.0.0.0 45.8165.0.0.0 46.8165.0.0.0 47.8165.0.0.0 48.8166.0.0.0 49.8188.0.0.0 50.8188.0.0.0 51.8205.0.0.0 52.8205.0.0.0 53.8207.0.24.0 54.8210.0.0.0 55.8352.0.720.0 56.8362.0.0.0
gold 17387291 0
qslot 0 0.1.0 0.2.31 0.-1.-1 1.1.13 1.1.12 1.1.15 1.3.12 1.1.10 1.3.11 0.-1.-1 1.1.2 1.1.3 1.1.5 1.1.7 1.1.17 1.1.14 1.1.39 1.1.38 1.1.11 0.1.119 0.-1.-1 0.1.119 0.1.119 0.1.119 0.1.119 0.1.28 0.1.119 0.0.53 0.0.59 1.1.41
qslot 1 0.1.1 0.1.119 0.1.119 7.7.-1 7.7.-1 7.7.-1 7.7.-1 7.7.-1 7.7.-1 7.7.-1 1.1.8 1.1.1 7.7.-1 7.7.-1 7.7.-1 7.7.-1 7.7.-1 7.7.-1 7.7.-1 7.7.-1 7.7.-1 7.7.-1 7.7.-1 7.7.-1 7.7.-1 7.7.-1 7.7.-1 7.7.-1 7.7.-1 7.7.-1
pst 2 171478 0 92 88 15310 10544 0 0 0
pst 2 171480 1 100 100 44836 26643 0 0 0
p_clear
sc_p 8 158 171509 12 1000 148 2 0 132 232 70 2 70 0 50 89 50 89 51 1 80 -30 40 10 751 751 402 402 0 2457 0 Ardilla^fumigadora 0
sc_p 27 448 171508 1 1000 0 0 0 42 45 32 14 90 0 48 41 37 41 23 0 5 10 2 15 156 156 10 10 0 15 0 Hada^graslin 0
sc_p 14 156 171507 23 1000 4900 0 0 170 224 162 4 70 0 88 166 93 166 73 3 70 70 70 70 2346 2346 363 363 0 25680 0 Ardilla^marrón 0
sc_p 29 176 171506 1 1000 0 0 0 30 38 30 4 70 0 17 34 19 34 17 2 0 0 0 0 121 121 60 60 0 15 0 Ardilla^Santa 0
sc_p 0 535 171505 24 1000 24840 2 0 136 202 70 14 75 0 86 159 94 159 85 2 -10 8 5 4 865 865 382 382 0 29430 0 Muñeco^de^Nieve 0
sc_p 10 803 171504 2 1000 5 0 0 35 67 35 10 100 0 20 39 22 39 19 3 70 50 70 50 499 499 65 65 0 42 0 Chick^Norris 0
sc_p 2 567 171503 1 1000 0 1 0 41 48 44 10 150 0 18 31 17 31 13 2 5 5 5 5 168 168 24 24 0 15 0 Hada^oval 0
sc_p 18 824 171502 1 1000 0 0 0 70 138 30 6 100 0 27 34 29 34 32 2 4 22 6 6 321 321 60 60 0 15 0 Jelly^saltarín^jove 0
sc_p 16 801 171501 2 1000 35 0 0 46 51 37 14 90 0 50 46 40 46 25 3 5 2 10 15 175 175 15 15 0 42 0 Chicky^saltador 0
sc_n 3 2618 171500 94 1000 226485876 990.5.4 997.6.4 -1 -1 0 0 0 4 819 899 617 12 200 4 599 571 473 571 334 2 5 5 5 5 26570 30570 3503 3503 0 291503800 Ragnar 2703 1 4818.100 1292.5 1293.6 1294.7
sc_p 3 2701 171499 94 1000 62984 1 0 562 720 748 8 200 0 313 564 327 564 243 1 10 0 10 10 20838 20838 2040 2040 0 72875950 1 Mecanigato 0
sc_p 17 752 171498 1 1000 0 0 0 40 63 34 2 60 0 25 34 24 34 22 1 55 35 40 40 450 450 60 60 0 15 0 Ardilla^toro 0
sc_p 19 840 171497 1 1000 0 0 0 55 88 40 5 70 0 42 35 54 35 27 2 1 5 3 2 341 341 60 60 0 15 0 Leo,^el^Cobarde 0
sc_p 7 2119 171496 14 1000 168 0 0 143 213 108 10 70 0 70 109 65 109 57 3 20 50 70 40 1361 1361 240 240 0 3720 0 Oveja^amarilla 0
sc_p 26 846 171495 1 1000 0 0 0 130 188 90 5 160 0 17 54 19 54 17 1 80 45 55 60 221 221 60 60 0 15 0 Teo^Terciopié 0
sc_p 11 2683 171494 91 1000 36268 1 0 615 782 814 4 70 0 298 601 334 601 294 3 60 70 80 60 21300 21300 10550 10550 0 55644450 1 Almirante^Ojo^de^Ág 1
sc_p 24 844 171493 1 1000 0 2 0 140 168 70 0 0 0 17 34 19 34 17 3 60 50 80 50 271 271 60 60 0 15 0 Ardilla^cowboy 0
sc_p 28 843 171492 1 1000 0 0 0 130 168 90 10 140 0 17 34 19 34 17 2 50 80 60 50 331 331 60 60 0 15 0 Ardilla^vikinga 0
sc_p 15 824 171491 1 1000 0 0 0 70 138 30 6 100 0 27 34 29 34 32 2 4 22 6 6 321 321 60 60 0 15 0 Jelly^saltarín^jove 0
sc_p 12 581 171490 1 1000 0 2 0 70 155 70 4 70 0 17 34 19 34 17 2 20 60 50 50 261 261 60 60 0 15 0 Ardilla^marinera 0
sc_p 25 614 171489 1 1000 0 2 0 71 157 70 2 70 0 17 34 19 34 17 1 80 50 50 60 221 221 60 60 0 15 0 Ardilla^de^unidad^e 0
sc_p 5 1384 171488 90 1000 7308 2 1 633 795 70 4 70 4 331 479 272 479 309 0 50 40 20 70 35480 35480 12147 12147 0 50142850 1 Ardilla^calabaza 0
sc_n 4 2641 171487 94 1000 1 -1 -1 -1 -1 0 0 1 0 214 214 428 0 0 0 88 214 107 214 88 3 0 0 0 0 16921 16921 8410 8410 0 291503800 Amora^sin^alas -1 0 -1 -1 -1 -1
sc_p 4 828 171486 93 1000 1059040 0 0 633 827 532 12 150 0 354 531 312 531 288 2 60 80 70 60 37936 37936 4582 4582 0 67009700 0 Kagome 0
sc_p 6 830 171485 15 1000 3955 0 0 117 154 104 4 70 2 67 113 65 113 55 3 40 40 40 40 1225 1225 195 195 0 5256 0 Rudi^Rabauke^joven 0
sc_p 20 2106 171484 6 1000 230 0 0 73 97 56 4 70 0 38 65 36 65 34 1 40 40 40 40 470 470 108 108 0 420 0 Pavesa 0
sc_p 1 664 171483 10 1000 91 0 0 97 132 82 10 150 0 43 117 47 117 38 1 50 50 50 50 706 706 128 128 0 1518 0 Conejo^entrañable 0
sc_p 23 824 171482 1 1000 0 0 0 70 138 30 6 100 0 27 34 29 34 32 2 4 22 6 6 321 321 60 60 0 15 0 Jelly^saltarín^jove 0
sc_p 21 3107 171481 93 1000 1 0 0 540 716 560 4 70 0 306 564 322 564 255 3 60 80 70 70 20638 20638 3503 3503 0 67009700 0 Picaña^dócil 0
sc_p 13 670 171480 95 240 31210465 2 0 660 830 70 4 70 6 372 592 337 592 389 2 60 80 70 60 44836 44836 26643 26643 1 78866350 1 Widersito 1
sc_n 2 319 171479 94 1000 1 -1 997.5.2 -1 -1 0 0 0 0 242 242 140 0 0 2 594 573 456 573 367 0 5 5 5 5 34861 34861 10244 10244 0 291503800 Kliff 1102 1 -1 -1 -1 -1
sc_n 1 2640 171478 94 1000 242950 991.7.5 996.2.4 -1 -1 0 0 1 5 871 931 921 13 200 4 320 772 396 772 375 1 0 0 0 0 15310 16510 10544 11944 1 291503800 Jennifer -1 1 4812.100 1318.2 1319.4 1320.7
sc_n 0 2620 171477 94 1000 5780688 992.3.0 995.6.10 -1 -1 0 0 2 0 683 773 70 0 0 10 250 481 302 481 373 2 2 2 2 2 9401 13401 12447 17447 0 291503800 Erdimien 2704 1 4810.100 1315.4 1316.1 1317.6
sc_p 9 769 171476 1 1000 0 0 0 130 150 55 15 180 0 32 35 37 35 13 0 20 20 20 20 350 350 60 60 0 15 0 Ardilla^boxeadora 0
mv 3 14960 43 50 10
mv 3 14958 34 38 15
mv 3 14951 22 61 8
mv 3 14932 15 15 8
mv 3 14929 8 40 8
mv 3 14963 51 76 10
mv 3 14931 13 72 8
mv 3 14930 8 24 8
mv 3 14959 39 78 10
eff 3 14957 5000
mv 3 14955 30 95 10
mv 3 14953 26 55 8
mv 3 14947 17 85 8
mv 3 14945 9 79 8
mv 3 14928 6 85 8
bf 1 538316 0.374.3000 95
eff_t 2 171480 1 538316 4766
mv 3 14957 35 42 10
mv 3 14941 4 27 8
mv 3 14962 44 75 10
mv 3 14954 19 89 10
mv 3 14952 27 101 8
mv 3 14939 3 75 8
mv 3 14935 19 69 8
mv 3 14933 18 49 8
mv 3 14927 6 54 8
gp 6 2 2631 -1 0 0
wp 6 99 92 4 85 99
in 3 3019 14964 50 81 2 100 100 0 0 0 -1 1 0 -1 - 2 -1 0 0 0 0 0 0 0 0
in 3 3019 14963 51 76 2 100 100 0 0 0 -1 1 0 -1 - 2 -1 0 0 0 0 0 0 0 0
in 3 3019 14962 44 75 2 100 100 0 0 0 -1 1 0 -1 - 2 -1 0 0 0 0 0 0 0 0
in 3 3019 14961 42 61 2 100 100 0 0 0 -1 1 0 -1 - 2 -1 0 0 0 0 0 0 0 0
in 3 3019 14960 43 50 2 100 100 0 0 0 -1 1 0 -1 - 2 -1 0 0 0 0 0 0 0 0
in 3 3019 14959 39 78 2 100 100 0 0 0 -1 1 0 -1 - 2 -1 0 0 0 0 0 0 0 0
in 3 3019 14958 34 38 2 100 100 0 0 0 -1 1 0 -1 - 2 -1 0 0 0 0 0 0 0 0
in 3 3019 14957 35 42 2 100 100 0 0 0 -1 1 0 -1 - 2 -1 0 0 0 0 0 0 0 0
in 3 3019 14956 36 66 2 100 100 0 0 0 -1 1 0 -1 - 2 -1 0 0 0 0 0 0 0 0
in 3 3019 14955 30 95 2 100 100 0 0 0 -1 1 0 -1 - 2 -1 0 0 0 0 0 0 0 0
in 3 3019 14954 19 89 2 100 100 0 0 0 -1 1 0 -1 - 2 -1 0 0 0 0 0 0 0 0
in 3 3001 14953 26 55 2 100 100 0 0 0 -1 1 0 -1 - 2 -1 0 0 0 0 0 0 0 0
in 3 3001 14952 27 101 2 100 100 0 0 0 -1 1 0 -1 - 2 -1 0 0 0 0 0 0 0 0
in 3 3001 14951 22 61 2 100 100 0 0 0 -1 1 0 -1 - 2 -1 0 0 0 0 0 0 0 0
in 3 3001 14950 23 76 2 100 100 0 0 0 -1 1 0 -1 - 2 -1 0 0 0 0 0 0 0 0
in 3 3001 14949 21 42 2 100 100 0 0 0 -1 1 0 -1 - 2 -1 0 0 0 0 0 0 0 0
in 3 3001 14948 18 22 2 100 100 0 0 0 -1 1 0 -1 - 2 -1 0 0 0 0 0 0 0 0
in 3 3001 14947 17 85 2 100 100 0 0 0 -1 1 0 -1 - 2 -1 0 0 0 0 0 0 0 0
in 3 3001 14946 13 111 2 100 100 0 0 0 -1 1 0 -1 - 2 -1 0 0 0 0 0 0 0 0
in 3 3001 14945 9 79 2 100 100 0 0 0 -1 1 0 -1 - 2 -1 0 0 0 0 0 0 0 0
in 3 3001 14944 10 46 2 100 100 0 0 0 -1 1 0 -1 - 2 -1 0 0 0 0 0 0 0 0
in 3 3001 14943 8 63 2 100 100 0 0 0 -1 1 0 -1 - 2 -1 0 0 0 0 0 0 0 0
in 3 3001 14942 5 42 2 100 100 0 0 0 -1 1 0 -1 - 2 -1 0 0 0 0 0 0 0 0
in 3 3001 14941 4 27 2 100 100 0 0 0 -1 1 0 -1 - 2 -1 0 0 0 0 0 0 0 0
in 3 3001 14940 4 84 2 100 100 0 0 0 -1 1 0 -1 - 2 -1 0 0 0 0 0 0 0 0
in 3 3001 14939 3 75 2 100 100 0 0 0 -1 1 0 -1 - 2 -1 0 0 0 0 0 0 0 0
in 3 3000 14938 30 72 2 100 100 0 0 0 -1 1 0 -1 - 2 -1 0 0 0 0 0 0 0 0
in 3 3000 14937 33 53 2 100 100 0 0 0 -1 1 0 -1 - 2 -1 0 0 0 0 0 0 0 0
in 3 3000 14936 19 95 2 100 100 0 0 0 -1 1 0 -1 - 2 -1 0 0 0 0 0 0 0 0
in 3 3000 14935 19 69 2 100 100 0 0 0 -1 1 0 -1 - 2 -1 0 0 0 0 0 0 0 0
in 3 3000 14934 16 55 2 100 100 0 0 0 -1 1 0 -1 - 2 -1 0 0 0 0 0 0 0 0
in 3 3000 14933 18 49 2 100 100 0 0 0 -1 1 0 -1 - 2 -1 0 0 0 0 0 0 0 0
in 3 3000 14932 15 15 2 100 100 0 0 0 -1 1 0 -1 - 2 -1 0 0 0 0 0 0 0 0
in 3 3000 14931 13 72 2 100 100 0 0 0 -1 1 0 -1 - 2 -1 0 0 0 0 0 0 0 0
in 3 3000 14930 8 24 2 100 100 0 0 0 -1 1 0 -1 - 2 -1 0 0 0 0 0 0 0 0
in 3 3000 14929 8 40 2 100 100 0 0 0 -1 1 0 -1 - 2 -1 0 0 0 0 0 0 0 0
in 3 3000 14928 6 85 2 100 100 0 0 0 -1 1 0 -1 - 2 -1 0 0 0 0 0 0 0 0
in 3 3000 14927 6 54 2 100 100 0 0 0 -1 1 0 -1 - 2 -1 0 0 0 0 0 0 0 0
in 3 3000 14926 6 30 2 100 100 0 0 0 -1 1 0 -1 - 2 -1 0 0 0 0 0 0 0 0
in 3 3000 14925 2 16 2 100 100 0 0 0 -1 1 0 -1 - 2 -1 0 0 0 0 0 0 0 0
in 2 3065 14967 12 74 0 100 100 0 0 0 -1 1 0 -1 - 2 -1 0 0 0 0 0 0 0 0
in 2 3064 14966 5 26 0 100 100 0 0 0 -1 1 0 -1 - 2 -1 0 0 0 0 0 0 0 0
in 2 3064 14965 2 48 0 100 100 0 0 0 -1 1 0 -1 - 2 -1 0 0 0 0 0 0 0 0
pst 2 171478 0 92 88 15310 10544 0 0 0
pst 2 171480 1 100 100 44836 26643 0 0 0
mv 3 14958 39 36 10
mv 3 14946 12 110 8
mv 3 14938 32 73 8
mv 3 14934 17 55 8
mv 3 14964 52 80 10
mv 3 14963 50 74 10
mv 3 14931 11 71 8
mv 3 14959 40 80 10
mv 3 14956 34 68 10
mv 3 14955 28 97 10
mv 3 14953 27 56 8
mv 3 14947 16 83 8
mv 3 14943 9 65 8
mv 3 14937 33 52 8
mv 3 14925 2 15 8
stat 22260 22260 24467 24467 0 75040
mv 3 14957 36 43 10
mv 3 14952 25 99 8
mv 3 14950 21 75 8
mv 3 14949 21 41 8
mv 3 14940 6 85 8
mv 3 14935 18 68 8
mv 3 14933 18 48 8
mv 3 14927 8 54 8
pst 2 171478 0 93 88 15394 10544 0 0 0
pst 2 171480 1 100 100 44836 26643 0 0 0
mv 3 14960 42 49 10
mv 3 14958 41 37 10
mv 3 14951 23 63 8
mv 3 14946 13 111 8
mv 3 14934 18 57 8
mv 3 14932 14 14 8
mv 3 14929 8 42 8
mv 3 14926 4 32 8
mv 3 14961 43 59 10
mv 3 14959 38 80 10
mv 3 14955 30 96 10
mv 3 14953 25 55 8
mv 3 14947 17 85 8
mv 3 14944 9 47 8
mv 3 14943 9 63 8
mv 3 14962 46 73 10
mv 3 14952 26 97 8
mv 3 14949 21 43 8
mv 3 14948 19 22 8
mv 3 14942 6 42 8
mv 3 14940 5 84 8
mv 3 14933 19 48 8
pst 2 171478 0 93 88 15394 10544 0 0 0
pst 2 171480 1 100 100 44836 26643 0 0 0
mv 3 14960 41 51 10
mv 3 14958 36 36 15
mv 3 14951 23 65 8
mv 3 14946 11 109 8
mv 3 14936 19 96 8
mv 3 14932 15 15 8
mv 3 14926 4 33 8
mv 3 14964 50 78 10
mv 3 14961 44 61 10
mv 3 14930 9 25 8
mv 3 14959 39 81 10
mv 3 14955 29 97 10
mv 3 14953 26 54 8
mv 3 14947 16 86 8
mv 3 14937 32 51 8
mv 3 14928 6 86 8
mv 3 14925 2 17 8
stat 22260 22260 24467 24467 0 75040
stat 22260 22260 24467 24467 0 75040
mv 3 14950 23 76 8
mv 3 14942 5 41 8
mv 3 14935 17 68 8
mv 3 14927 8 55 8
pst 2 171478 0 93 93 15478 11161 0 0 0
pst 2 171480 1 100 100 44836 26643 0 0 0
mv 3 14960 42 51 10
mv 3 14946 13 110 8
mv 3 14938 30 74 8
mv 3 14936 19 94 8
mv 3 14934 20 57 8
mv 3 14929 6 41 8
mv 3 14926 5 32 8
glist 0 0
mv 3 14964 52 80 10
mv 3 14963 49 75 10
mv 3 14961 44 59 10
mv 3 14959 40 79 10
mv 3 14956 35 66 10
mv 3 14945 7 77 8
mv 3 14944 9 48 8
mv 3 14943 7 64 8
mv 3 14937 30 53 8
mv 3 14925 2 15 8
eff 2 171480 3007
gexp 415726|1719283 394409|792367 538316|17126 327663|169799 712452|82822 371984|382324 654329|912116 539788|246370 819684|114529 818429|559961 1040204|51678 352013|40552 732416|6675 193646|104922 520463|97315 805830|256318 72604|559098 57801|7708 638887|79032 62675|70253 60587|24686 668911|41797 158360|7872 557883|19495 710684|60881 256869|139001 546721|195687 751316|4040 365274|320087 123477|43195 495873|165652 239929|22075 807224|196146 92504|60241 462697|5500 409316|117767 583627|26568 593294|26892 597291|46555 892068|2000 723457|11073 416400|14758 105493|271432 691979|166757 52295|162785 433058|3366 758029|10941 818167|12273 806020|213968 660591|96386 1090443|299887 201818|80547 1380|50800 568160|25231 620230|48737 173626|80190 563233|20610 476043|65000 806166|26164 628176|22039 284237|30059 427154|44429 673691|8646 585529|15483 400770|57301 829343|75133 1049723|800 576169|6600 737565|4300 728314|21348 431562|6737 731333|7816 614945|27730 591747|18587 640457|28543 320657|2900 1049026|62103 559954|45645 730749|1233 541837|3000 777909|97348 1099020|5724 466183|32599 704336|52413 737845|48941 551950|25200 670667|75907 315486|1000 456755|7556 410152|19584 822387|38600 742191|0 796786|300 896356|300 838076|500 840311|0 411877|0
mv 3 14957 35 45 10
mv 3 14962 44 74 10
mv 3 14954 20 88 10
mv 3 14952 25 98 8
mv 3 14950 21 75 8
mv 3 14935 19 69 8
mv 3 14933 20 46 8
mv 3 14927 6 53 8
pst 2 171478 0 93 93 15478 11161 0 0 0
pst 2 171480 1 100 100 44836 26643 0 0 0
mv 3 14958 38 36 10
mv 3 14951 25 64 8
mv 3 14946 14 109 8
mv 3 14938 31 73 8
mv 3 14936 19 95 8
mv 3 14932 16 17 8
mv 3 14929 7 42 8
mv 3 14926 5 33 8
mv 3 14964 50 78 10
mv 3 14963 50 77 10
mv 3 14931 13 72 8
mv 3 14930 11 24 8
mv 3 14956 33 65 10
mv 3 14955 28 96 10
mv 3 14953 27 54 8
mv 3 14947 17 85 8
mv 3 14945 9 78 8
mv 3 14944 8 50 8
mv 3 14925 3 14 8
stat 22260 22260 24467 24467 0 75040
mv 3 14957 40 55 15
mv 3 14941 4 25 8
mv 3 14954 19 89 10
mv 3 14952 24 99 8
mv 3 14950 23 74 8
mv 3 14949 22 43 8
mv 3 14948 18 21 8
mv 3 14942 3 42 8
mv 3 14939 3 74 8
mv 3 14927 8 54 8
pst 2 171478 0 94 93 15562 11161 0 0 0
pst 2 171480 1 100 100 44836 26643 0 0 0
mv 3 14951 24 62 8
mv 3 14938 33 72 8
mv 3 14936 20 94 8
mv 3 14934 19 56 8
mv 3 14932 14 16 8
mv 3 14929 8 42 8
mv 3 14926 4 32 8
mv 3 14964 52 78 10
mv 3 14963 49 75 10
mv 3 14959 39 79 10
mv 3 14953 27 55 8
mv 3 14947 18 87 8
mv 3 14944 10 49 8
mv 3 14943 9 63 8
mv 3 14937 30 54 8
mv 3 14928 8 86 8
mv 3 14957 45 65 15
mv 3 14941 5 25 8
mv 3 14952 23 101 8
mv 3 14950 21 76 8
mv 3 14949 21 42 8
mv 3 14942 3 40 8
mv 3 14940 5 85 8
mv 3 14933 18 48 8
mv 3 14927 6 56 8
pst 2 171478 0 94 93 15562 11161 0 0 0
pst 2 171480 1 100 100 44836 26643 0 0 0
mv 3 14958 38 38 10
mv 3 14936 21 96 8
mv 3 14932 12 14 8
mv 3 14929 10 40 8
mv 3 14931 13 70 8
mv 3 14955 29 95 10
mv 3 14953 27 53 8
mv 3 14947 16 86 8
mv 3 14945 8 78 8
mv 3 14943 7 61 8
mv 3 14928 9 85 8
mv 3 14925 1 15 8
stat 22260 22260 24467 24467 0 75040
stat 22260 22260 24467 24467 0 75040
mv 3 14957 50 75 15
mv 3 14962 46 75 10
mv 3 14954 19 91 10
mv 3 14952 24 100 8
mv 3 14950 22 75 8
mv 3 14927 5 54 8
pst 2 171478 0 94 98 15646 11778 0 0 0
pst 2 171480 1 100 100 44836 26643 0 0 0
mv 3 14960 41 52 10
mv 3 14958 49 41 15
mv 3 14951 26 63 8
mv 3 14938 33 73 8
mv 3 14936 19 97 8
mv 3 14934 17 55 8
mv 3 14932 14 15 8
mv 3 14929 8 42 8
mv 3 14926 4 31 8
ncif 3 14960
mv 3 14964 51 79 10
mv 3 14963 48 73 10
mv 3 14961 45 60 10
mv 3 14959 41 80 10
mv 3 14956 33 66 10
mv 3 14955 29 97 10
mv 3 14947 16 85 8
st 3 14960 92 0 100 100 99330 2467
mv 3 14941 3 27 8
mv 3 14962 47 73 10
mv 3 14954 21 91 10
mv 3 14948 17 22 8
mv 3 14942 4 42 8
mv 3 14940 5 86 8
mv 3 14935 19 71 8
mv 3 14933 16 49 8
mv 3 14927 6 54 8
pst 2 171478 0 94 98 15646 11778 0 0 0
pst 2 171480 1 100 100 44836 26643 0 0 0
mv 3 14960 41 51 10
mv 3 14958 48 39 10
mv 3 14946 15 110 8
mv 3 14934 16 55 8
mv 3 14932 13 17 8
ncif 3 14960
mv 3 14964 52 79 10
mv 3 14963 48 74 10
mv 3 14961 43 59 10
mv 3 14930 12 23 8
mv 3 14955 30 95 10
mv 3 14953 26 53 8
mv 3 14943 7 63 8
eff 2 171480 3007
stat 22260 22260 24467 24467 0 75040
st 3 14960 92 0 100 100 99330 2467
mv 3 14957 47 73 10
mv 3 14962 46 71 10
mv 3 14954 20 90 10
mv 3 14952 23 99 8
mv 3 14940 4 87 8
mv 3 14935 18 69 8
mv 3 14933 18 48 8
mv 3 14927 5 55 8
pst 2 171478 0 95 98 15730 11778 0 0 0
pst 2 171480 1 100 100 44836 26643 0 0 0
mv 3 14951 25 65 8
mv 3 14938 31 72 8
mv 3 14929 8 44 8
ncif 3 14960
mv 3 14963 49 76 10
mv 3 14961 44 60 10
mv 3 14930 12 25 8
mv 3 14955 30 96 10
mv 3 14953 24 53 8
mv 3 14947 15 83 8
mv 3 14945 9 79 8
mv 3 14943 6 63 8
mv 3 14937 32 54 8
mv 3 14925 1 16 8
st 3 14960 92 0 100 100 99330 2467
ncif 3 14937
mv 3 14957 45 68 15
mv 3 14952 25 99 8
mv 3 14942 4 43 8
mv 3 14940 5 88 8
mv 3 14935 17 67 8
mv 3 14933 16 47 8
pst 2 171478 0 95 98 15730 11778 0 0 0
pst 2 171480 1 100 100 44836 26643 0 0 0
mv 3 14960 42 49 10
mv 3 14951 25 63 8
mv 3 14946 14 111 8
mv 3 14936 20 96 8
mv 3 14934 16 57 8
mv 3 14932 14 17 8
st 3 14937 90 0 100 100 80470 6369
mv 3 14964 50 78 10
mv 3 14963 51 74 10
mv 3 14961 42 58 10
ncif 3 14937
mv 3 14955 29 95 10
mv 3 14943 6 61 8
mv 3 14928 8 83 8
stat 22260 22260 24467 24467 0 75040
stat 22260 22260 24467 24467 0 75040
mv 3 14957 43 63 15
mv 3 14941 5 26 8
mv 3 14962 45 71 10
mv 3 14952 25 101 8
mv 3 14950 21 75 8
mv 3 14949 21 41 8
mv 3 14942 5 42 8
mv 3 14933 18 49 8
mv 3 14927 7 53 8
pst 2 171478 0 95 100 15814 11944 0 0 0
pst 2 171480 1 100 100 44836 26643 0 0 0
st 3 14937 90 0 100 100 80470 6369
mv 3 14958 43 38 15
mv 3 14951 25 64 8
mv 3 14946 13 109 8
mv 3 14936 18 95 8
mv 3 14934 18 58 8
mv 3 14932 16 16 8
mv 3 14929 6 43 8
mv 3 14926 5 29 8
mv 3 14964 48 80 10
mv 3 14963 50 75 10
mv 3 14961 43 57 10
mv 3 14930 10 25 8
mv 3 14959 39 80 10
mv 3 14956 35 66 10
mv 3 14947 17 84 8
mv 3 14945 7 80 8
mv 3 14944 9 48 8
ncif 3 14937
mv 3 14957 41 58 15
mv 3 14962 47 73 10
mv 3 14952 27 99 8
mv 3 14949 19 43 8
mv 3 14948 18 22 8
mv 3 14940 3 86 8
mv 3 14939 4 76 8
pst 2 171478 0 95 100 15814 11944 0 0 0
pst 2 171480 1 100 100 44836 26643 0 0 0
st 3 14937 90 0 100 100 80470 6369
mv 3 14958 38 37 15
mv 3 14951 24 63 8
mv 3 14938 30 71 8
mv 3 14926 4 30 8
ncif 3 14933
mv 3 14961 45 59 10
mv 3 14959 37 78 10
mv 3 14956 37 67 10
mv 3 14955 30 95 10
mv 3 14945 7 78 8
mv 3 14944 8 50 8
mv 3 14937 30 53 8
stat 22260 22260 24467 24467 0 75040
st 3 14933 90 0 100 100 80470 6369
mv 3 14957 39 53 15
mv 3 14941 3 26 8
mv 3 14962 45 71 10
mv 3 14954 20 91 10
mv 3 14950 23 75 8
mv 3 14948 19 21 8
mv 3 14942 4 41 8
mv 3 14940 3 85 8
mv 3 14939 3 76 8
mv 3 14927 7 55 8
pst 2 171478 0 96 100 15898 11944 0 0 0
pst 2 171480 1 100 100 44836 26643 0 0 0
mv 3 14958 36 37 10
mv 3 14951 22 61 8
mv 3 14946 13 110 8
mv 3 14938 31 72 8
mv 3 14936 19 97 8
mv 3 14929 7 42 8
ncif 3 14933
mv 3 14964 49 80 10
mv 3 14963 51 77 10
mv 3 14931 11 69 8
mv 3 14956 36 65 10
mv 3 14953 26 54 8
mv 3 14944 9 49 8
mv 3 14943 7 63 8
mv 3 14937 32 53 8
mv 3 14928 8 85 8
eff 2 171480 3007
st 3 14933 90 0 100 100 80470 6369
mv 3 14957 37 48 15
mv 3 14941 5 26 8
ncif 3 14949
mv 3 14962 47 73 10
mv 3 14954 19 90 10
mv 3 14950 24 76 8
mv 3 14949 20 42 8
mv 3 14927 6 54 8
pst 2 171478 0 96 100 15898 11944 0 0 0
pst 2 171480 1 100 100 44836 26643 0 0 0
mv 3 14958 38 38 10
mv 3 14946 13 111 8
mv 3 14932 15 18 8
mv 3 14929 8 41 8
st 3 14949 91 0 100 100 108548 9418
mv 3 14963 49 76 10
mv 3 14931 12 69 8
mv 3 14959 39 80 10
mv 3 14956 35 66 10
mv 3 14955 28 93 10
mv 3 14953 27 56 8
mv 3 14947 18 86 8
mv 3 14945 9 78 8
mv 3 14944 7 49 8
mv 3 14928 9 87 8
stat 22260 22260 24467 24467 0 75040
stat 22260 22260 24467 24467 0 75040
ncif 3 14949
mv 3 14957 34 43 15
mv 3 14962 47 74 10
mv 3 14952 25 98 8
mv 3 14950 23 78 8
mv 3 14949 22 43 8
mv 3 14948 21 20 8
mv 3 14942 5 40 8
mv 3 14940 3 86 8
mv 3 14939 4 74 8
mv 3 14927 7 52 8
pst 2 171478 0 96 100 15982 11944 0 0 0
pst 2 171480 1 100 100 44836 26643 0 0 0
mv 3 14960 44 50 10
eff 3 14958 5000
mv 3 14946 15 109 8
mv 3 14936 20 98 8
mv 3 14934 19 58 8
mv 3 14932 15 16 8
mv 3 14929 6 40 8
st 3 14949 91 0 100 100 108548 9418
mv 3 14964 50 79 10
mv 3 14963 48 76 10
mv 3 14961 45 60 10
mv 3 14958 39 40 10
mv 3 14959 38 80 10
mv 3 14955 30 93 10
mv 3 14953 28 54 8
mv 3 14947 17 85 8
mv 3 14945 10 78 8
mv 3 14944 8 47 8
mv 3 14937 32 54 8
mv 3 14928 9 86 8
eff 3 14957 5000
mv 3 14941 5 28 8
ncif 3 14949
mv 3 14957 31 38 15
mv 3 14954 21 91 10
mv 3 14952 26 99 8
mv 3 14950 21 77 8
mv 3 14949 20 45 8
mv 3 14939 4 76 8
mv 3 14935 18 69 8
mv 3 14933 20 49 8
pst 2 171478 0 96 100 15982 11944 0 0 0
pst 2 171480 1 100 100 44836 26643 0 0 0
mv 3 14960 42 52 10
mv 3 14951 24 63 8
mv 3 14946 14 109 8
mv 3 14938 30 72 8
mv 3 14936 21 97 8
mv 3 14934 19 59 8
mv 3 14932 15 15 8
mv 3 14929 7 42 8
st 3 14949 91 0 100 100 108548 9418
mv 3 14964 51 78 10
mv 3 14963 50 76 10
mv 3 14958 34 38 15
mv 3 14956 37 64 10
mv 3 14953 27 54 8
mv 3 14947 17 87 8
mv 3 14945 10 79 8
mv 3 14944 9 48 8
mv 3 14943 8 64 8
mv 3 14928 7 84 8
mv 3 14925 1 15 8
stat 22260 22260 24467 24467 0 75040
ncif 3 14949
mv 3 14962 45 74 10
mv 3 14957 30 35 15
mv 3 14954 22 91 10
mv 3 14952 24 97 8
mv 3 14950 22 75 8
mv 3 14942 4 41 8
mv 3 14939 4 75 8
mv 3 14935 19 68 8
mv 3 14933 19 49 8
pst 2 171478 0 97 100 16066 11944 0 0 0
pst 2 171480 1 100 100 44836 26643 0 0 0
mv 3 14946 13 110 8
mv 3 14936 22 95 8
mv 3 14934 19 58 8
st 3 14949 91 0 100 100 108548 9418
mv 3 14964 50 78 10
mv 3 14961 46 61 10
mv 3 14958 36 36 10
mv 3 14959 40 79 10
mv 3 14955 31 94 10
mv 3 14944 7 47 8
mv 3 14928 6 85 8
mv 3 14925 2 15 8
mv 3 14962 47 75 10
ct 3 14957 2 171480 -1 -1 0
su 3 14957 2 171480 0 10 11 0 0 0 1 99 126 0 0
mv 3 14954 21 90 10
mv 3 14950 21 74 8
mv 3 14949 21 43 8
mv 3 14948 20 21 8
mv 3 14940 4 84 8
mv 3 14939 6 73 8
mv 3 14935 17 69 8
mv 3 14927 5 52 8
suctl 2632 1 171480 3 14957
ncif 3 14949
pst 2 171478 0 97 100 16066 11944 0 0 0
pst 2 171480 1 99 100 44710 26643 0 0 0
mv 3 14960 44 51 10
mv 3 14929 7 40 8
mv 3 14926 5 31 8
eff 2 171480 5005
mv 3 14964 51 80 10
mv 3 14963 50 75 10
mv 3 14931 10 70 8
st 3 14949 91 0 100 100 108548 9418
mv 3 14955 30 96 10
mv 3 14953 26 55 8
mv 3 14947 17 86 8
mv 3 14945 10 78 8
mv 3 14944 9 46 8
mv 3 14943 7 64 8
mv 3 14937 32 52 8
mv 3 14928 7 83 8
ct 2 171480 3 14957 -1 -1 0
sc_p 13 670 171480 95 239 31210465 2 0 660 830 70 4 70 6 372 592 337 592 389 2 60 80 70 60 44710 44836 26643 26643 1 78866350 1 Widersito 1
eff 2 171480 3007
mv 3 14941 5 27 8
su 2 171480 3 14957 0 10 11 4398 0 0 1 99 1 0 0
ncif 3 14949
mv 3 14962 45 74 10
mv 3 14954 23 88 10
mv 3 14952 25 98 8
mv 3 14948 21 19 8
mv 3 14933 20 48 8
suctl 2632 1 171480 3 14957
pst 2 171478 0 97 100 16066 11944 0 0 0
pst 2 171480 1 99 100 44710 26643 0 0 0
mv 3 14960 43 53 10
mv 3 14938 31 71 8
mv 3 14936 21 94 8
mv 3 14934 20 59 8
mv 3 14932 14 17 8
mv 3 14929 7 41 8
st 3 14949 91 0 100 100 108548 9418
mv 3 14963 49 73 10
mv 3 14961 46 59 10
mv 3 14958 37 38 10
mv 3 14931 11 72 8
mv 3 14930 9 23 8
eff 2 171480 5005
mv 3 14956 35 65 10
mv 3 14953 26 54 8
mv 3 14944 10 48 8
mv 3 14943 5 64 8
mv 3 14937 32 54 8
mv 3 14928 7 85 8
mv 3 14925 1 13 8
mv 3 14941 5 25 8
ct 2 171480 3 14957 -1 -1 0
ncif 3 14949
mv 3 14962 45 75 10
mv 3 14950 22 75 8
mv 3 14948 19 21 8
mv 3 14940 6 85 8
mv 3 14935 18 70 8
mv 3 14933 20 46 8
su 2 171480 3 14957 0 10 11 4398 0 0 1 99 74 0 0
pst 2 171478 0 97 100 16066 11944 0 0 0
pst 2 171480 1 99 100 44710 26643 0 0 0
mv 3 14960 41 51 10
ct 3 14957 2 171480 -1 -1 0
su 3 14957 2 171480 0 10 11 0 0 0 1 97 1172 0 0
mv 3 14938 30 73 8
mv 3 14934 19 58 8
mv 3 14929 9 42 8
suctl 2632 1 171480 3 14957
st 3 14949 91 0 100 100 108548 9418
mv 3 14961 45 60 10
mv 3 14958 48 42 15
mv 3 14930 8 24 8
mv 3 14953 28 55 8
mv 3 14945 11 79 8
mv 3 14944 9 47 8
mv 3 14943 5 62 8
mv 3 14937 33 53 8
mv 3 14928 8 86 8
mv 3 14925 3 15 8
eff 2 171480 5005
ncif 3 14949
