select 0
OK
game_start
lbs 0
tit Mago 
fd 7174539 0 50 1
fd 7174539 27 50 1
c_close 1
equip 77 87 0.4965.7.7.0.3 1.4950.7.8.0.0 2.4975.0.0.0.0 3.4038.0.6.0.0 4.4043.0.6.0.0 5.4962.7.4.0.0 6.4835.0.0.0.0 7.4836.0.0.0.0 8.4837.0.0.0.0 9.4846.0.0.0.0 10.4129.0.0.0.0 12.4502.0.13.21.0 13.8206.0.0.0.0 14.4365.0.0.0.0 15.4373.0.0.0.0 16.4443.0.0.0.0
lev 99 0 80 1085 2140719000 790000 7174539 4 8949636 40 15684900 0
stat 19647 22260 24467 24467 0 75040
ski 260 261 260 261 262 263 265 266 267 268 270 271 272 273 274 275 277 237 695|3 21 26 30 38 42 46 50 53 58 60 90 94 96 97 98 99 100 111 112 103 104 105 370 371 372 374 376 380 381 382 383 284 285 287 288 289 290 291 294
cond 1 538316 0 0 12
at 538316 2635 71 45 2 0 116 1 -1
c_map 0 2635 1
sc 2 7 1154 1267 143 0 0 1 4 1067 1163 972 13 210 8 636 788 726 778 797 76 104 76 104
cond 1 538316 0 0 12
pairy 1 538316 4 1 85 40
rsfi 7 1 10 10 10 10
rage 0 250000
rank_cool 0 0 18000
sp 908184 1000000 6503 10000
scr 24 2 31 0 0 0 0
bn 0 El^equipo^de^Nostale^nunca^te^pedirá^la^contraseña
bn 1 Soporte^de^Nostale:^http://support.nostale.org
bn 2 Visita^nuestro^foro:^http://board.nostale.org
bn 3 Desde^el^foro^tendrás^un^acceso^al^irc
bn 4 ¿Quieres^ser^GM?Revisa^el^foro^para^más^información
bn 5 No^visites^páginas^de^usuarios^ofreciendo^Nos$
bn 6 ¿Asuntos^de^pago?^Visita^https://billing.gameforge.com/
bn 7 Reglas^del^juego:^Visita^el^foro^>^Noticias
bn 8 Los^jugadores^que^compren^oro^serán^baneados
bn 9 El^equipo^de^Nostale^nunca^te^pedirá^la^contraseña
evtb 0 0 0 0 0 0 1 1 1 1 0 0
exts 0 120 120 120
cond 2 172188 0 0 8
cond 2 172188 0 0 8
cond 2 172187 0 0 10
cond 2 172187 0 0 10
cond 2 172186 0 0 10
cond 2 172186 0 0 10
cond 2 172185 0 0 8
cond 2 172185 0 0 8
cond 2 172184 0 0 8
cond 2 172184 0 0 8
cond 2 172183 0 0 11
cond 2 172183 0 0 11
cond 2 172182 0 0 6
cond 2 172182 0 0 6
cond 2 172181 0 0 10
cond 2 172181 0 0 10
cond 2 172180 0 0 9
cond 2 172180 0 0 9
cond 2 172179 0 0 11
cond 2 172179 0 0 11
cond 2 172179 0 0 11
cond 2 172179 0 0 11
sc_n 3 2618 172179 94 1000 226485876 990.5.4 997.6.4 -1 -1 0 0 0 4 819 899 617 12 200 4 599 571 473 571 334 2 0 0 0 0 26570 30570 3503 3503 0 291503800 Ragnar 2703 1 4818.100 1292.5 1293.6 1294.7
sc_n 3 2618 172179 94 1000 226485876 990.5.4 997.6.4 -1 -1 0 0 0 4 819 899 617 12 200 4 599 571 473 571 334 2 5 5 5 5 26570 26570 3503 3503 0 291503800 Ragnar 2703 1 4818.100 1292.5 1293.6 1294.7
cond 2 172179 0 0 11
sc_n 3 2618 172179 94 1000 226485876 990.5.4 997.6.4 -1 -1 0 0 0 4 819 899 617 12 200 4 599 571 473 571 334 2 0 0 0 0 26570 30570 3503 3503 0 291503800 Ragnar 2703 1 4818.100 1292.5 1293.6 1294.7
cond 2 172178 0 0 11
cond 2 172178 0 0 11
cond 2 172177 0 0 10
cond 2 172177 0 0 10
cond 2 172176 0 0 10
cond 2 172176 0 0 10
cond 2 172175 0 0 10
cond 2 172175 0 0 10
cond 2 172174 0 0 13
cond 2 172174 0 0 13
cond 2 172173 0 0 13
cond 2 172173 0 0 13
cond 2 172172 0 0 10
cond 2 172172 0 0 10
cond 2 172171 0 0 10
cond 2 172171 0 0 10
cond 2 172170 0 0 10
cond 2 172170 0 0 10
cond 2 172169 0 0 6
cond 2 172169 0 0 6
cond 2 172168 0 0 10
cond 2 172168 0 0 10
cond 2 172167 0 0 12
cond 2 172167 0 0 12
cond 2 172166 0 0 11
cond 2 172166 0 0 11
cond 2 172166 0 0 11
cond 2 172166 0 0 11
cond 2 172165 0 0 11
cond 2 172165 0 0 11
cond 2 172164 0 0 9
cond 2 172164 0 0 9
cond 2 172163 0 0 9
cond 2 172163 0 0 9
cond 2 172162 0 0 9
cond 2 172162 0 0 9
cond 2 172161 0 0 10
cond 2 172161 0 0 10
cond 2 172160 0 0 10
cond 2 172160 0 0 10
cond 2 172159 0 0 12
cond 2 172159 0 0 12
cond 2 172158 0 0 11
cond 2 172158 0 0 11
cond 2 172158 0 0 11
cond 2 172158 0 0 11
sc_n 2 319 172158 94 1000 1 -1 997.5.2 -1 -1 0 0 0 0 242 242 140 0 0 2 594 573 456 573 367 0 0 0 0 0 34861 34861 10244 10244 0 291503800 Kliff 1102 1 -1 -1 -1 -1
cond 2 172157 0 0 11
cond 2 172157 0 0 11
cond 2 172157 0 0 11
sc_n 1 2640 172157 94 1000 242950 991.7.5 996.2.4 -1 -1 0 0 1 5 871 931 921 13 200 0 84 223 111 223 98 1 0 0 0 0 10110 15310 11944 11944 1 291503800 Jennifer -1 1 4812.100 1318.2 1319.4 1320.7
sc_n 1 2640 172157 94 1000 242950 991.7.5 996.2.4 -1 -1 0 0 1 5 871 931 921 13 200 4 289 619 344 619 299 1 0 0 0 0 10110 15310 10544 10544 1 291503800 Jennifer -1 1 4812.100 1318.2 1319.4 1320.7
cond 2 172157 0 0 11
sc_n 1 2640 172157 94 1000 242950 991.7.5 996.2.4 -1 -1 0 0 1 5 871 931 921 13 200 0 84 223 111 223 98 1 0 0 0 0 10110 15310 10544 11944 1 291503800 Jennifer -1 1 4812.100 1318.2 1319.4 1320.7
sc_n 1 2640 172157 94 1000 242950 991.7.5 996.2.4 -1 -1 0 0 1 5 871 931 921 13 200 4 320 772 396 772 375 1 0 0 0 0 10110 16510 10544 11944 1 291503800 Jennifer -1 1 4812.100 1318.2 1319.4 1320.7
sc_n 1 2640 172157 94 1000 242950 991.7.5 996.2.4 -1 -1 0 0 1 5 871 931 921 13 200 4 320 772 396 772 375 1 0 0 0 0 10110 16510 10544 10544 1 291503800 Jennifer -1 1 4812.100 1318.2 1319.4 1320.7
sc_n 1 2640 172157 94 1000 242950 991.7.5 996.2.4 -1 -1 0 0 1 5 871 931 921 13 200 4 320 692 396 692 375 1 0 0 0 0 10110 15310 10544 10544 1 291503800 Jennifer -1 1 4812.100 1318.2 1319.4 1320.7
cond 2 172157 0 0 11
sc_n 1 2640 172157 94 1000 242950 991.7.5 996.2.4 -1 -1 0 0 1 5 871 931 921 13 200 0 84 223 111 223 98 1 0 0 0 0 10110 15310 10544 11944 1 291503800 Jennifer -1 1 4812.100 1318.2 1319.4 1320.7
sc_n 1 2640 172157 94 1000 242950 991.7.5 996.2.4 -1 -1 0 0 1 5 871 931 921 13 200 4 320 772 396 772 375 1 0 0 0 0 10110 16510 10544 11944 1 291503800 Jennifer -1 1 4812.100 1318.2 1319.4 1320.7
cond 2 172156 0 0 12
cond 2 172156 0 0 12
cond 2 172156 0 0 12
sc_n 0 2620 172156 94 1000 5780688 992.3.0 995.6.10 -1 -1 0 0 2 0 683 773 70 0 0 0 65 177 88 177 107 2 0 0 0 0 9401 9401 12447 17447 0 291503800 Erdimien 2704 1 4810.100 1315.4 1316.1 1317.6
sc_n 0 2620 172156 94 1000 5780688 992.3.0 995.6.10 -1 -1 0 0 2 0 683 773 70 0 0 10 270 573 321 573 308 2 0 0 0 0 9401 9401 12447 12447 0 291503800 Erdimien 2704 1 4810.100 1315.4 1316.1 1317.6
cond 2 172156 0 0 12
sc_n 0 2620 172156 94 1000 5780688 992.3.0 995.6.10 -1 -1 0 0 2 0 683 773 70 0 0 0 65 177 88 177 107 2 0 0 0 0 9401 9401 12447 17447 0 291503800 Erdimien 2704 1 4810.100 1315.4 1316.1 1317.6
sc_n 0 2620 172156 94 1000 5780688 992.3.0 995.6.10 -1 -1 0 0 2 0 683 773 70 0 0 10 250 481 302 481 373 2 0 0 0 0 9401 13401 12447 17447 0 291503800 Erdimien 2704 1 4810.100 1315.4 1316.1 1317.6
sc_n 0 2620 172156 94 1000 5780688 992.3.0 995.6.10 -1 -1 0 0 2 0 683 773 70 0 0 10 250 481 302 481 373 2 2 2 2 2 9401 13401 12447 12447 0 291503800 Erdimien 2704 1 4810.100 1315.4 1316.1 1317.6
sc_n 0 2620 172156 94 1000 5780688 992.3.0 995.6.10 -1 -1 0 0 2 0 683 773 70 0 0 10 250 481 302 481 373 2 2 2 2 2 9401 9401 12447 12447 0 291503800 Erdimien 2704 1 4810.100 1315.4 1316.1 1317.6
cond 2 172156 0 0 12
sc_n 0 2620 172156 94 1000 5780688 992.3.0 995.6.10 -1 -1 0 0 2 0 683 773 70 0 0 0 65 177 88 177 107 2 0 0 0 0 9401 9401 12447 17447 0 291503800 Erdimien 2704 1 4810.100 1315.4 1316.1 1317.6
sc_n 0 2620 172156 94 1000 5780688 992.3.0 995.6.10 -1 -1 0 0 2 0 683 773 70 0 0 10 250 481 302 481 373 2 0 0 0 0 9401 13401 12447 17447 0 291503800 Erdimien 2704 1 4810.100 1315.4 1316.1 1317.6
cond 2 172155 0 0 13
cond 2 172155 0 0 13
p_clear
sc_p 8 158 172188 12 1000 148 2 0 132 232 70 2 70 0 50 89 50 89 51 1 80 -30 40 10 751 751 402 402 0 2457 0 Ardilla^fumigadora 0
sc_p 27 448 172187 1 1000 0 0 0 42 45 32 14 90 0 48 41 37 41 23 0 5 10 2 15 156 156 10 10 0 15 0 Hada^graslin 0
sc_p 14 156 172186 23 1000 4900 0 0 170 224 162 4 70 0 88 166 93 166 73 3 70 70 70 70 2346 2346 363 363 0 25680 0 Ardilla^marrón 0
sc_p 29 176 172185 1 1000 0 0 0 30 38 30 4 70 0 17 34 19 34 17 2 0 0 0 0 121 121 60 60 0 15 0 Ardilla^Santa 0
sc_p 0 535 172184 24 1000 24840 2 0 136 202 70 14 75 0 86 159 94 159 85 2 -10 8 5 4 865 865 382 382 0 29430 0 Muñeco^de^Nieve 0
sc_p 10 803 172183 2 1000 5 0 0 35 67 35 10 100 0 20 39 22 39 19 3 70 50 70 50 499 499 65 65 0 42 0 Chick^Norris 0
sc_p 2 567 172182 1 1000 0 1 0 41 48 44 10 150 0 18 31 17 31 13 2 5 5 5 5 168 168 24 24 0 15 0 Hada^oval 0
sc_p 18 824 172181 1 1000 0 0 0 70 138 30 6 100 0 27 34 29 34 32 2 4 22 6 6 321 321 60 60 0 15 0 Jelly^saltarín^jove 0
sc_p 16 801 172180 2 1000 35 0 0 46 51 37 14 90 0 50 46 40 46 25 3 5 2 10 15 175 175 15 15 0 42 0 Chicky^saltador 0
sc_n 3 2618 172179 94 1000 226485876 990.5.4 997.6.4 -1 -1 0 0 0 4 819 899 617 12 200 4 599 571 473 571 334 2 5 5 5 5 26570 30570 3503 3503 0 291503800 Ragnar 2703 1 4818.100 1292.5 1293.6 1294.7
sc_p 3 2701 172178 94 1000 62984 1 0 562 720 748 8 200 0 313 564 327 564 243 1 10 0 10 10 20838 20838 2040 2040 0 72875950 1 Mecanigato 0
sc_p 17 752 172177 1 1000 0 0 0 40 63 34 2 60 0 25 34 24 34 22 1 55 35 40 40 450 450 60 60 0 15 0 Ardilla^toro 0
sc_p 19 840 172176 1 1000 0 0 0 55 88 40 5 70 0 42 35 54 35 27 2 1 5 3 2 341 341 60 60 0 15 0 Leo,^el^Cobarde 0
sc_p 7 2119 172175 14 1000 168 0 0 143 213 108 10 70 0 70 109 65 109 57 3 20 50 70 40 1361 1361 240 240 0 3720 0 Oveja^amarilla 0
sc_p 26 846 172174 1 1000 0 0 0 130 188 90 5 160 0 17 54 19 54 17 1 80 45 55 60 221 221 60 60 0 15 0 Teo^Terciopié 0
sc_p 11 2683 172173 91 1000 36268 1 0 615 782 814 4 70 0 298 601 334 601 294 3 60 70 80 60 21300 21300 10550 10550 0 55644450 1 Almirante^Ojo^de^Ág 1
sc_p 24 844 172172 1 1000 0 2 0 140 168 70 0 0 0 17 34 19 34 17 3 60 50 80 50 271 271 60 60 0 15 0 Ardilla^cowboy 0
sc_p 28 843 172171 1 1000 0 0 0 130 168 90 10 140 0 17 34 19 34 17 2 50 80 60 50 331 331 60 60 0 15 0 Ardilla^vikinga 0
sc_p 15 824 172170 1 1000 0 0 0 70 138 30 6 100 0 27 34 29 34 32 2 4 22 6 6 321 321 60 60 0 15 0 Jelly^saltarín^jove 0
sc_p 12 581 172169 1 1000 0 2 0 70 155 70 4 70 0 17 34 19 34 17 2 20 60 50 50 261 261 60 60 0 15 0 Ardilla^marinera 0
sc_p 25 614 172168 1 1000 0 2 0 71 157 70 2 70 0 17 34 19 34 17 1 80 50 50 60 221 221 60 60 0 15 0 Ardilla^de^unidad^e 0
sc_p 5 1384 172167 90 1000 7308 2 1 633 795 70 4 70 4 331 479 272 479 309 0 50 40 20 70 35480 35480 12147 12147 0 50142850 1 Ardilla^calabaza 0
sc_n 4 2641 172166 94 1000 1 -1 -1 -1 -1 0 0 1 0 214 214 428 0 0 0 88 214 107 214 88 3 0 0 0 0 16921 16921 8410 8410 0 291503800 Amora^sin^alas -1 0 -1 -1 -1 -1
sc_p 4 828 172165 93 1000 1059040 0 0 633 827 532 12 150 0 354 531 312 531 288 2 60 80 70 60 37936 37936 4582 4582 0 67009700 0 Kagome 0
sc_p 6 830 172164 15 1000 3955 0 0 117 154 104 4 70 2 67 113 65 113 55 3 40 40 40 40 1225 1225 195 195 0 5256 0 Rudi^Rabauke^joven 0
sc_p 20 2106 172163 6 1000 230 0 0 73 97 56 4 70 0 38 65 36 65 34 1 40 40 40 40 470 470 108 108 0 420 0 Pavesa 0
sc_p 1 664 172162 10 1000 91 0 0 97 132 82 10 150 0 43 117 47 117 38 1 50 50 50 50 706 706 128 128 0 1518 0 Conejo^entrañable 0
sc_p 23 824 172161 1 1000 0 0 0 70 138 30 6 100 0 27 34 29 34 32 2 4 22 6 6 321 321 60 60 0 15 0 Jelly^saltarín^jove 0
sc_p 21 3107 172160 93 1000 1 0 0 540 716 560 4 70 0 306 564 322 564 255 3 60 80 70 70 20638 20638 3503 3503 0 67009700 0 Picaña^dócil 0
sc_p 13 670 172159 95 177 31210465 2 0 660 830 70 4 70 6 372 592 337 592 389 2 60 80 70 60 35001 44836 26643 26643 1 78866350 1 Widersito 1
sc_n 2 319 172158 94 1000 1 -1 997.5.2 -1 -1 0 0 0 0 242 242 140 0 0 2 594 573 456 573 367 0 5 5 5 5 34861 34861 10244 10244 0 291503800 Kliff 1102 1 -1 -1 -1 -1
sc_n 1 2640 172157 94 1000 242950 991.7.5 996.2.4 -1 -1 0 0 1 5 871 931 921 13 200 4 320 772 396 772 375 1 0 0 0 0 10110 16510 10544 11944 1 291503800 Jennifer -1 1 4812.100 1318.2 1319.4 1320.7
sc_n 0 2620 172156 94 1000 5780688 992.3.0 995.6.10 -1 -1 0 0 2 0 683 773 70 0 0 10 250 481 302 481 373 2 2 2 2 2 9401 13401 12447 17447 0 291503800 Erdimien 2704 1 4810.100 1315.4 1316.1 1317.6
sc_p 9 769 172155 1 1000 0 0 0 130 150 55 15 180 0 32 35 37 35 13 0 20 20 20 20 350 350 60 60 0 15 0 Ardilla^boxeadora 0
sc_p_stc 3 2
npinfo 0
ctl 2 172157 3
in 2 2640 172157 71 44 2 61 88 0 0 3 538316 1 0 -1 Jennifer 1 1 0 0 0 0 0 0 0 0
cond 2 172157 0 0 11
ski 260 261 260 261 262 263 265 266 267 268 270 271 272 273 274 275 277 237 1488 1489 695|3 21 26 30 38 42 46 50 53 58 60 90 94 96 97 98 99 100 111 112 103 104 105 370 371 372 374 376 380 381 382 383 284 285 287 288 289 290 291 294
qslot 0 0.1.0 0.2.31 0.-1.-1 1.1.13 1.1.12 1.1.15 1.3.12 1.1.10 1.3.11 0.-1.-1 1.1.2 1.1.3 1.1.5 1.1.7 1.1.17 1.1.14 1.1.39 1.1.38 1.1.11 0.1.119 0.-1.-1 0.1.119 0.1.119 0.1.119 0.1.119 0.1.28 0.1.119 0.0.53 0.0.59 1.1.41
qslot 1 0.1.1 0.1.119 0.1.119 7.7.-1 7.7.-1 7.7.-1 7.7.-1 7.7.-1 7.7.-1 7.7.-1 1.1.8 1.1.1 7.7.-1 7.7.-1 7.7.-1 7.7.-1 7.7.-1 7.7.-1 7.7.-1 7.7.-1 7.7.-1 7.7.-1 7.7.-1 7.7.-1 7.7.-1 7.7.-1 7.7.-1 7.7.-1 7.7.-1 7.7.-1
ctl 2 172159 3
in 2 670 172159 71 44 2 78 100 0 0 3 538316 1 0 -1 Widersito 2 -1 0 0 0 0 0 0 0 0
cond 2 172159 0 0 12
sc_p_stc 3 2
npinfo 0
sc_p 13 670 172159 95 177 31210465 2 0 660 830 70 4 70 6 372 592 337 592 389 2 60 80 70 60 35001 44836 26643 26643 1 78866350 1 Widersito 1
petski -1
title 10.1 5.1 9.1 8.1 4.1 7.1 6.1 3.1 2.1 1.1 0.3 11.1 100.5 80.1
titinfo 1 538316 9300 9400
zzim
umi 5060.676 5675.-1 5676.-1 5677.-1 5797.-1
ib 1278 1
qstlist 6.6090.0.4.0.10.0.0.10.0.0.0.0.0.0.0 7.6227.0.4.0.15.0.0.15.0.15.0.0.0.0.0 8.7633.0.1.0.1.0.0.1.0.0.0.0.0.0.0 9.6248.0.12.0.0.0.0.0.0.0.0.0.0.0.0 11.7624.0.1.0.1.0.0.0.0.0.0.0.0.0.0 13.6721.0.14.0.1.0.0.0.0.0.0.0.0.0.0
sqst  0 0000000000000000000000000000000000000000000000000000000000000000000000000000000000000000000000000000000000000000000000000000000000000000000000000000000000000000000000000000000000000000000000000000000000000000000000000000000000000000000000000000000000
sqst  1 00000000000000000000000000000000000000000000000000000000000000000000000000000000000000000000000000000000000000000000000000000O0000000000000000000000000000000000000000000000000000000000000000000000000000000000000000000000000000000000000000000000000000
sqst  2 0000000000000000000000000000000000000000000000000000000000000000000000000000000000000000000000000000000000000000000000000000000000000000000000000000000000000000000000000000000000000000000000000000000000000000000000000000000000000000000000000000000000
sqst  3 00000000000000000000000000000000000000000000000000000000000000000000000000000000000U}}t}}V}O}0000000000000000000000X0}060X00O}00000000000000000000000000000000006000000000000000000000000000000000000000000000000000000000000000000000000zW000000000000000
sqst  4 01UX00O}}}}}}}}0000000V}XU}}}}}}}}}}}l00UX000000000000VW000000000000000000000000000U}}z}}}}}}}}}}z}zV}}}l000000000000O}}y}}Z000000000000000000000000000000000000000000000000000000000000000000000000000000000000000000000000000000000000000000000000000000
sqst  5 0000000000000000000000000000000000000000000000000000000000000000000000000000000000000000000000000000000000000000000000000000000000000000000000000000000000000000000000000000000000000000000000000000000000000000000000000000000000000000000000000000000000
sqst  6 0000000000000000000000000000000000000000000000000000000000000000000000000000000000000000000000000000000000000000000000000000000000000000000000000000000000000000000000000000000000000000000000000000000000000000000000000000000000000000000000000000000000
eq 538316 0 0 3 97 3 4975.4950.4965.4962.4846.4129.8206.4365.4373.4443 77 87 10
act6 
fmi 0|9000|2|0|0 0|9002|2|0|0 0|9003|2|0|0 0|9004|2|9|134 0|9005|1|20191216|137 0|9006|2|0|244 0|9007|2|0|14 0|9008|2|3|42 0|9009|2|3|9 0|9010|2|0|13 0|9011|2|2|4 0|9012|2|4|4 0|9013|2|4|48 0|9014|1|20191216|91 0|9015|1|20191216|45 0|9016|2|2|43 0|9017|2|9|239 1|9018|1|20190403|0 1|9019|1|20190403|0 1|9020|1|20190403|0 1|9021|1|20190403|0 1|9022|1|20190403|0 1|9023|1|20190403|0 1|9024|1|20190403|0 1|9025|1|20190403|0 1|9026|1|20190403|0 1|9027|1|20190611|0 1|9028|1|20190911|0 1|9029|2|0|0 1|9037|1|20190403|0 1|9038|1|20190413|0 1|9039|1|20190611|0 1|9040|2|700|0 1|9042|1|20190703|0 1|9043|1|20190706|0 1|9044|1|20190713|0 1|9045|1|20190807|0 1|9046|2|2787|0 1|9047|1|20190703|0 1|9048|1|20190706|0 1|9049|1|20190713|0 1|9050|1|20190807|0 1|9051|2|1454|0 1|9052|1|20190407|0 1|9053|1|20190508|0 1|9054|2|588|0 1|9055|1|20190405|0 1|9056|1|20190417|0 1|9057|1|20190516|0 1|9058|1|20190922|0 1|9059|2|148|0 1|9060|1|20190405|0 1|9061|1|20190419|0 1|9062|1|20190519|0 1|9063|1|20190822|0 1|9064|2|151|0 1|9065|1|20190403|0 1|9066|1|20190415|0 1|9067|1|20190518|0 1|9068|1|20191007|0 1|9069|2|131|0 1|9070|1|20190403|0 1|9071|1|20190416|0 1|9072|1|20190508|0 1|9073|1|20190811|0 1|9074|2|158|0 0|9075|2|0|239 0|9076|2|0|117 0|9077|2|9|10 0|9078|2|0|205 0|9079|2|1|12
fmp 9695|0 9697|0 9688|0 9681|0 9686|0 9750|0 9740|0 9691|0 9735|0 9745|0
gcon 538316|1|0
gexp 415726|1719283 394409|792367 538316|17126 327663|169799 712452|82822 371984|382324 654329|912116 539788|246370 819684|114529 818429|559961 1040204|51678 352013|40552 732416|6675 193646|104922 520463|97315 805830|256318 72604|559098 57801|7708 638887|79032 62675|70253 60587|24686 668911|41797 158360|7872 557883|19495 710684|60881 256869|139001 546721|195687 751316|4040 365274|320087 123477|43195 495873|165652 239929|22075 807224|196146 92504|60241 462697|5500 409316|117767 583627|26568 593294|26892 597291|46555 892068|2000 723457|11073 416400|14758 105493|271432 691979|166757 52295|162785 433058|3366 758029|10941 818167|12273 806020|213968 660591|96386 1090443|299887 201818|80547 1380|50800 568160|25231 620230|48737 173626|80190 563233|20610 476043|65000 806166|26164 628176|22039 284237|30059 427154|44429 673691|8646 585529|15483 400770|57301 829343|75133 1049723|800 576169|6600 737565|4300 728314|21348 431562|6737 731333|7816 614945|27730 591747|18587 640457|28543 320657|2900 1049026|62103 559954|45645 730749|1233 541837|3000 777909|97348 1099020|5724 466183|32599 704336|52413 737845|48941 551950|25200 670667|75907 315486|1000 456755|7556 410152|19584 822387|38600 742191|0 796786|300 896356|300 838076|500 840311|0 411877|0
fs 2
mv 3 15243 130 44 11
mv 3 15241 125 78 11
mv 3 15210 41 59 11
mv 3 15202 27 23 11
mv 3 15189 127 65 11
mv 3 15184 106 43 11
mv 3 15183 102 53 11
mv 3 15176 75 79 11
mv 3 15161 37 76 11
mv 3 15259 76 79 9
mv 3 15248 136 27 11
mv 3 15246 131 78 11
mv 3 15237 103 50 11
mv 3 15219 54 40 11
mv 3 15215 51 57 11
mv 3 15199 24 43 11
mv 3 15182 95 43 11
eff 3 15175 5000
mv 3 15172 59 53 11
mv 3 15169 53 80 11
mv 3 15167 48 73 11
mv 3 15166 45 24 11
mv 3 15160 35 29 11
p_clear
sc_p 8 158 172188 12 1000 148 2 0 132 232 70 2 70 0 50 89 50 89 51 1 80 -30 40 10 751 751 402 402 0 2457 0 Ardilla^fumigadora 0
sc_p 27 448 172187 1 1000 0 0 0 42 45 32 14 90 0 48 41 37 41 23 0 5 10 2 15 156 156 10 10 0 15 0 Hada^graslin 0
sc_p 14 156 172186 23 1000 4900 0 0 170 224 162 4 70 0 88 166 93 166 73 3 70 70 70 70 2346 2346 363 363 0 25680 0 Ardilla^marrón 0
sc_p 29 176 172185 1 1000 0 0 0 30 38 30 4 70 0 17 34 19 34 17 2 0 0 0 0 121 121 60 60 0 15 0 Ardilla^Santa 0
sc_p 0 535 172184 24 1000 24840 2 0 136 202 70 14 75 0 86 159 94 159 85 2 -10 8 5 4 865 865 382 382 0 29430 0 Muñeco^de^Nieve 0
sc_p 10 803 172183 2 1000 5 0 0 35 67 35 10 100 0 20 39 22 39 19 3 70 50 70 50 499 499 65 65 0 42 0 Chick^Norris 0
sc_p 2 567 172182 1 1000 0 1 0 41 48 44 10 150 0 18 31 17 31 13 2 5 5 5 5 168 168 24 24 0 15 0 Hada^oval 0
sc_p 18 824 172181 1 1000 0 0 0 70 138 30 6 100 0 27 34 29 34 32 2 4 22 6 6 321 321 60 60 0 15 0 Jelly^saltarín^jove 0
sc_p 16 801 172180 2 1000 35 0 0 46 51 37 14 90 0 50 46 40 46 25 3 5 2 10 15 175 175 15 15 0 42 0 Chicky^saltador 0
sc_n 3 2618 172179 94 1000 226485876 990.5.4 997.6.4 -1 -1 0 0 0 4 819 899 617 12 200 4 599 571 473 571 334 2 5 5 5 5 26570 30570 3503 3503 0 291503800 Ragnar 2703 1 4818.100 1292.5 1293.6 1294.7
sc_p 3 2701 172178 94 1000 62984 1 0 562 720 748 8 200 0 313 564 327 564 243 1 10 0 10 10 20838 20838 2040 2040 0 72875950 1 Mecanigato 0
sc_p 17 752 172177 1 1000 0 0 0 40 63 34 2 60 0 25 34 24 34 22 1 55 35 40 40 450 450 60 60 0 15 0 Ardilla^toro 0
sc_p 19 840 172176 1 1000 0 0 0 55 88 40 5 70 0 42 35 54 35 27 2 1 5 3 2 341 341 60 60 0 15 0 Leo,^el^Cobarde 0
sc_p 7 2119 172175 14 1000 168 0 0 143 213 108 10 70 0 70 109 65 109 57 3 20 50 70 40 1361 1361 240 240 0 3720 0 Oveja^amarilla 0
sc_p 26 846 172174 1 1000 0 0 0 130 188 90 5 160 0 17 54 19 54 17 1 80 45 55 60 221 221 60 60 0 15 0 Teo^Terciopié 0
sc_p 11 2683 172173 91 1000 36268 1 0 615 782 814 4 70 0 298 601 334 601 294 3 60 70 80 60 21300 21300 10550 10550 0 55644450 1 Almirante^Ojo^de^Ág 1
sc_p 24 844 172172 1 1000 0 2 0 140 168 70 0 0 0 17 34 19 34 17 3 60 50 80 50 271 271 60 60 0 15 0 Ardilla^cowboy 0
sc_p 28 843 172171 1 1000 0 0 0 130 168 90 10 140 0 17 34 19 34 17 2 50 80 60 50 331 331 60 60 0 15 0 Ardilla^vikinga 0
sc_p 15 824 172170 1 1000 0 0 0 70 138 30 6 100 0 27 34 29 34 32 2 4 22 6 6 321 321 60 60 0 15 0 Jelly^saltarín^jove 0
sc_p 12 581 172169 1 1000 0 2 0 70 155 70 4 70 0 17 34 19 34 17 2 20 60 50 50 261 261 60 60 0 15 0 Ardilla^marinera 0
sc_p 25 614 172168 1 1000 0 2 0 71 157 70 2 70 0 17 34 19 34 17 1 80 50 50 60 221 221 60 60 0 15 0 Ardilla^de^unidad^e 0
sc_p 5 1384 172167 90 1000 7308 2 1 633 795 70 4 70 4 331 479 272 479 309 0 50 40 20 70 35480 35480 12147 12147 0 50142850 1 Ardilla^calabaza 0
sc_n 4 2641 172166 94 1000 1 -1 -1 -1 -1 0 0 1 0 214 214 428 0 0 0 88 214 107 214 88 3 0 0 0 0 16921 16921 8410 8410 0 291503800 Amora^sin^alas -1 0 -1 -1 -1 -1
sc_p 4 828 172165 93 1000 1059040 0 0 633 827 532 12 150 0 354 531 312 531 288 2 60 80 70 60 37936 37936 4582 4582 0 67009700 0 Kagome 0
sc_p 6 830 172164 15 1000 3955 0 0 117 154 104 4 70 2 67 113 65 113 55 3 40 40 40 40 1225 1225 195 195 0 5256 0 Rudi^Rabauke^joven 0
sc_p 20 2106 172163 6 1000 230 0 0 73 97 56 4 70 0 38 65 36 65 34 1 40 40 40 40 470 470 108 108 0 420 0 Pavesa 0
sc_p 1 664 172162 10 1000 91 0 0 97 132 82 10 150 0 43 117 47 117 38 1 50 50 50 50 706 706 128 128 0 1518 0 Conejo^entrañable 0
sc_p 23 824 172161 1 1000 0 0 0 70 138 30 6 100 0 27 34 29 34 32 2 4 22 6 6 321 321 60 60 0 15 0 Jelly^saltarín^jove 0
sc_p 21 3107 172160 93 1000 1 0 0 540 716 560 4 70 0 306 564 322 564 255 3 60 80 70 70 20638 20638 3503 3503 0 67009700 0 Picaña^dócil 0
sc_p 13 670 172159 95 177 31210465 2 0 660 830 70 4 70 6 372 592 337 592 389 2 60 80 70 60 35001 44836 26643 26643 1 78866350 1 Widersito 1
sc_n 2 319 172158 94 1000 1 -1 997.5.2 -1 -1 0 0 0 0 242 242 140 0 0 2 594 573 456 573 367 0 5 5 5 5 34861 34861 10244 10244 0 291503800 Kliff 1102 1 -1 -1 -1 -1
sc_n 1 2640 172157 94 1000 242950 991.7.5 996.2.4 -1 -1 0 0 1 5 871 931 921 13 200 4 320 772 396 772 375 1 0 0 0 0 10110 16510 10544 11944 1 291503800 Jennifer -1 1 4812.100 1318.2 1319.4 1320.7
sc_n 0 2620 172156 94 1000 5780688 992.3.0 995.6.10 -1 -1 0 0 2 0 683 773 70 0 0 10 250 481 302 481 373 2 2 2 2 2 9401 13401 12447 17447 0 291503800 Erdimien 2704 1 4810.100 1315.4 1316.1 1317.6
sc_p 9 769 172155 1 1000 0 0 0 130 150 55 15 180 0 32 35 37 35 13 0 20 20 20 20 350 350 60 60 0 15 0 Ardilla^boxeadora 0
inv 0 0.204.0.0.0.0 1.221.0.0.0.0 2.4441.0.0.0.0 3.4699.0.0.0.0 4.4260.0.0.0.0 5.4268.0.0.0.0 42.4982.8.7.0.7 43.4504.0.0.0.0 44.4933.0.5.0.0 45.4931.0.6.0.0 47.8026.0.0.0.0 48.317.0.5.0.0 49.380.0.5.0.0 50.709.0.6.0.0 51.4956.7.7.0.0 52.4503.0.0.0.0 53.4950.7.0.0.0 54.321.0.5.0.0 55.388.0.5.0.0 56.4132.0.0.0.0 57.4131.0.0.0.0 58.275.0.0.0.0 59.4950.7.7.0.0
inv 1 0.5743.1 1.5319.1 2.5714.1 3.5332.1 4.5152.1 5.5836.1 6.1247.14 7.5195.3 8.1015.38 9.1242.45 10.1004.43 11.1016.72 12.5763.70 13.5862.20 14.5863.39 15.1429.93 16.1027.598 17.5911.6 18.1246.49 19.1211.3 20.5972.32 21.5977.1 22.1612.8 23.1078.177 24.5959.2 25.1615.33 26.5879.3 27.5769.1 29.5768.1 30.5785.2 31.5784.2 32.5786.3 33.5854.12 34.1013.193 35.1025.5 36.5755.19 37.1012.548 38.5806.1 39.1010.4 40.1248.5 41.5770.1 42.5853.83 43.1144.14 44.5855.18 45.5215.13 46.1249.7 47.1026.7 48.1285.3 49.1286.49 50.1092.20 51.5119.2 52.1014.27 53.5970.17 54.1900.13 55.1246.998 56.1247.999 57.1241.4 58.1009.8 59.1007.39 60.1617.41 61.1616.56 62.1614.15 63.1611.14 64.1618.24 65.1620.27 66.5821.2 67.1095.2 68.1619.26 69.1613.15 70.5216.13 71.1296.8 72.1093.3 73.5722.1 74.1235.1 75.5881.1 76.5880.1 77.5858.1
inv 2 0.2072.371 1.2070.368 2.2071.512 3.2522.1 4.2523.120 5.2206.42 6.2285.397 7.2029.272 8.2283.35 9.2284.32 10.2308.660 11.2296.371 12.2363.3 13.2077.34 14.2348.2 15.2402.2 16.2472.6 17.2027.97 18.2414.10 19.2398.2 20.2329.104 21.2512.426 22.2361.9 23.2406.49 24.2170.2 25.2365.3 26.2408.82 27.2282.55 28.2028.67 29.2467.7 30.2511.67 31.2327.63 32.2205.2 33.2307.26 34.10048.17 35.2098.9 36.2430.3 37.2018.1 38.2407.9 39.2411.52 40.2027.445 41.2097.270 42.2410.206 43.2451.17 44.2384.1 45.2459.47 46.2465.5 47.2423.5 48.2475.1 49.2027.477 50.2466.37 51.2366.86 52.2511.999 53.2460.108 54.2326.716 55.2196.4 56.2415.25 57.2416.41 58.2417.243 59.2089.490 60.2513.409 61.2329.999 62.2517.3 63.2521.1 64.2519.3 65.2799.15 66.2516.2 67.2515.3 68.2462.1 69.2127.163 70.2027.999 71.2027.999 72.2027.999 73.2027.999 74.2089.999 75.2329.999 76.2089.999 77.2077.999 78.2173.2 79.2207.4 80.2099.1 81.2100.3 82.2129.3 83.2209.3 84.2311.29 85.2212.3 86.2102.3 87.2211.2 88.2101.3 89.2210.1 90.2816.18 91.2803.3 92.2818.1 93.2811.42 94.2208.6 95.2805.21 96.2819.10 97.2814.16 98.2474.1 99.2520.3
inv 3 0.3205.1 1.3216.1 2.3165.1 3.3114.1 4.3113.1 5.3113.1 6.3113.1 7.3005.1 8.3113.1 9.3000.1 10.3113.1 11.3056.1 12.3056.1 13.3059.1 14.3113.1 15.3193.1 16.3070.1 17.3070.1 18.3231.1 19.3114.1 20.3213.1 21.3218.1 22.3230.1 23.3191.1 24.3199.1 25.3114.1 26.3206.1 27.3196.1 28.3168.1 29.3156.1 30.3182.1 31.3212.1 32.3163.1 33.3203.1 34.3223.1 35.3221.1 36.3200.1 37.3157.1 38.3222.1 39.3230.1 40.3186.1 41.3140.1 42.3185.1 43.3174.1 44.3162.1 45.3181.1 46.3183.1 47.3149.1 48.3168.1 49.3137.1
mlobjlst 0.0.0.0.2.2.0.100.0.0 1.1.2.5.0.0.0.100.0.0 2.0.0.0.0.0.0.100.0.0 3.1.26.15.0.0.0.100.0.0 4.0.0.0.3.0.0.100.0.0 5.1.16.2.3.0.0.100.0.0 6.1.8.2.3.0.0.100.0.0 7.0.0.0.4.2.0.100.0.0 8.1.11.2.3.0.0.100.0.0 9.1.24.6.8.3.0.100.0.0 10.1.2.15.3.0.0.100.0.0 11.1.6.2.0.0.0.100.0.0 12.1.14.2.0.0.0.100.0.0 13.1.6.14.0.0.0.100.0.0 14.1.2.2.3.0.0.100.0.0 15.0.0.0.0.0.0.100.0.0 16.1.24.9.0.0.0.100.0.0 17.1.30.9.0.0.0.100.0.0 18.0.0.0.0.0.0.100.0.0 19.0.0.0.0.0.0.100.0.0 20.0.0.0.0.0.0.100.0.0 21.0.0.0.2.0.0.100.0.0 22.0.0.0.3.0.0.100.0.0 23.0.0.0.2.0.0.100.0.0 24.0.0.0.0.0.0.100.0.0 25.0.0.0.0.0.0.100.0.0 26.1.21.14.2.2.0.100.0.0 27.1.27.9.0.0.0.100.0.0 28.0.0.0.0.0.0.100.0.0 29.0.0.0.2.1.0.100.0.0 30.0.0.0.0.0.0.100.0.0 31.1.2.9.0.0.0.100.0.0 32.0.0.0.0.0.0.100.0.0 33.1.32.14.2.2.0.100.0.0 34.1.31.3.4.2.0.100.0.0 35.0.0.0.0.0.0.100.0.0 36.0.0.0.0.0.0.100.0.0 37.1.18.5.0.0.0.100.0.0 38.0.0.0.0.0.0.100.0.0 39.0.0.0.3.0.0.100.0.0 40.0.0.0.2.1.0.100.0.0 41.0.0.0.0.0.0.100.0.0 42.0.0.0.3.2.0.100.0.0 43.0.0.0.0.0.0.100.0.0 44.0.0.0.0.0.0.100.0.0 45.0.0.0.0.0.0.100.0.0 46.0.0.0.0.0.0.100.0.0 47.0.0.0.0.0.0.100.0.0 48.0.0.0.0.0.0.100.0.0 49.0.0.0.4.2.0.100.0.0
inv 6 0.900.0.13.0 1.905.0.10.33 2.906.0.9.45 3.906.0.0.0 4.907.0.13.0 5.908.0.0.0 6.913.0.10.42 7.914.0.14.63 8.4099.0.13.0 9.4326.0.0.0 10.4326.0.0.0 11.4487.0.0.0 12.4487.0.12.25 13.4487.0.0.0 14.4488.0.0.0 15.4488.0.0.0 16.4488.0.0.0 17.4488.0.0.0 18.4488.0.0.0 19.4488.0.0.0 20.4489.0.0.0 21.4489.0.0.0 22.4489.0.0.0 23.4489.0.0.0 24.4489.0.0.0 25.4491.0.0.0 26.4492.0.0.0 27.4499.0.11.68 28.4502.0.0.0 29.4502.0.0.0 30.4502.0.0.0 31.4802.0.0.0 32.4802.0.0.0 33.4805.0.0.0 34.4805.0.0.0 35.4806.0.0.0 36.4809.0.0.0 37.4810.0.0.0 38.4812.0.0.0 39.4812.0.0.0 40.4813.0.0.0 41.4819.0.0.0 42.8245.0.0.0
inv 7 0.189.0.0.0 1.454.0.0.0 2.454.0.0.0 3.456.0.0.0 4.492.0.0.0 5.976.0.0.0 6.976.0.0.0 7.977.0.0.0 8.982.0.0.0 9.982.0.0.0 10.986.0.168.0 11.986.0.168.0 12.4068.0.0.0 13.4075.0.0.0 14.4075.0.0.0 15.4076.0.0.0 16.4143.0.0.0 17.4147.0.0.0 18.4169.0.0.0 19.4169.0.0.0 20.4179.0.0.0 21.4195.0.0.0 22.4196.0.0.0 23.4242.0.0.0 24.4250.0.168.0 25.4250.0.168.0 26.4254.0.168.0 27.4258.0.0.0 28.4266.0.0.0 29.4367.0.0.0 30.4382.0.0.0 31.8053.0.0.0 32.8054.0.0.0 33.8055.0.0.0 34.8073.0.0.0 35.8074.0.0.0 36.8081.0.0.0 37.8088.0.0.0 38.8088.0.0.0 39.8100.0.0.0 40.8122.0.0.0 41.8122.0.0.0 42.8133.0.0.0 43.8137.0.0.0 44.8138.0.0.0 45.8165.0.0.0 46.8165.0.0.0 47.8165.0.0.0 48.8166.0.0.0 49.8188.0.0.0 50.8188.0.0.0 51.8205.0.0.0 52.8205.0.0.0 53.8207.0.24.0 54.8210.0.0.0 55.8352.0.720.0 56.8362.0.0.0
gold 17386791 0
qslot 0 0.1.0 0.2.31 0.-1.-1 1.1.13 1.1.12 1.1.15 1.3.12 1.1.10 1.3.11 0.-1.-1 1.1.2 1.1.3 1.1.5 1.1.7 1.1.17 1.1.14 1.1.39 1.1.38 1.1.11 0.1.119 0.-1.-1 0.1.119 0.1.119 0.1.119 0.1.119 0.1.28 0.1.119 0.0.53 0.0.59 1.1.41
qslot 1 0.1.1 0.1.119 0.1.119 7.7.-1 7.7.-1 7.7.-1 7.7.-1 7.7.-1 7.7.-1 7.7.-1 1.1.8 1.1.1 7.7.-1 7.7.-1 7.7.-1 7.7.-1 7.7.-1 7.7.-1 7.7.-1 7.7.-1 7.7.-1 7.7.-1 7.7.-1 7.7.-1 7.7.-1 7.7.-1 7.7.-1 7.7.-1 7.7.-1 7.7.-1
pst 2 172157 0 61 88 10110 10544 0 0 0
pst 2 172159 1 78 100 35001 26643 0 0 0
p_clear
sc_p 8 158 172188 12 1000 148 2 0 132 232 70 2 70 0 50 89 50 89 51 1 80 -30 40 10 751 751 402 402 0 2457 0 Ardilla^fumigadora 0
sc_p 27 448 172187 1 1000 0 0 0 42 45 32 14 90 0 48 41 37 41 23 0 5 10 2 15 156 156 10 10 0 15 0 Hada^graslin 0
sc_p 14 156 172186 23 1000 4900 0 0 170 224 162 4 70 0 88 166 93 166 73 3 70 70 70 70 2346 2346 363 363 0 25680 0 Ardilla^marrón 0
sc_p 29 176 172185 1 1000 0 0 0 30 38 30 4 70 0 17 34 19 34 17 2 0 0 0 0 121 121 60 60 0 15 0 Ardilla^Santa 0
sc_p 0 535 172184 24 1000 24840 2 0 136 202 70 14 75 0 86 159 94 159 85 2 -10 8 5 4 865 865 382 382 0 29430 0 Muñeco^de^Nieve 0
sc_p 10 803 172183 2 1000 5 0 0 35 67 35 10 100 0 20 39 22 39 19 3 70 50 70 50 499 499 65 65 0 42 0 Chick^Norris 0
sc_p 2 567 172182 1 1000 0 1 0 41 48 44 10 150 0 18 31 17 31 13 2 5 5 5 5 168 168 24 24 0 15 0 Hada^oval 0
sc_p 18 824 172181 1 1000 0 0 0 70 138 30 6 100 0 27 34 29 34 32 2 4 22 6 6 321 321 60 60 0 15 0 Jelly^saltarín^jove 0
sc_p 16 801 172180 2 1000 35 0 0 46 51 37 14 90 0 50 46 40 46 25 3 5 2 10 15 175 175 15 15 0 42 0 Chicky^saltador 0
sc_n 3 2618 172179 94 1000 226485876 990.5.4 997.6.4 -1 -1 0 0 0 4 819 899 617 12 200 4 599 571 473 571 334 2 5 5 5 5 26570 30570 3503 3503 0 291503800 Ragnar 2703 1 4818.100 1292.5 1293.6 1294.7
sc_p 3 2701 172178 94 1000 62984 1 0 562 720 748 8 200 0 313 564 327 564 243 1 10 0 10 10 20838 20838 2040 2040 0 72875950 1 Mecanigato 0
sc_p 17 752 172177 1 1000 0 0 0 40 63 34 2 60 0 25 34 24 34 22 1 55 35 40 40 450 450 60 60 0 15 0 Ardilla^toro 0
sc_p 19 840 172176 1 1000 0 0 0 55 88 40 5 70 0 42 35 54 35 27 2 1 5 3 2 341 341 60 60 0 15 0 Leo,^el^Cobarde 0
sc_p 7 2119 172175 14 1000 168 0 0 143 213 108 10 70 0 70 109 65 109 57 3 20 50 70 40 1361 1361 240 240 0 3720 0 Oveja^amarilla 0
sc_p 26 846 172174 1 1000 0 0 0 130 188 90 5 160 0 17 54 19 54 17 1 80 45 55 60 221 221 60 60 0 15 0 Teo^Terciopié 0
sc_p 11 2683 172173 91 1000 36268 1 0 615 782 814 4 70 0 298 601 334 601 294 3 60 70 80 60 21300 21300 10550 10550 0 55644450 1 Almirante^Ojo^de^Ág 1
sc_p 24 844 172172 1 1000 0 2 0 140 168 70 0 0 0 17 34 19 34 17 3 60 50 80 50 271 271 60 60 0 15 0 Ardilla^cowboy 0
sc_p 28 843 172171 1 1000 0 0 0 130 168 90 10 140 0 17 34 19 34 17 2 50 80 60 50 331 331 60 60 0 15 0 Ardilla^vikinga 0
sc_p 15 824 172170 1 1000 0 0 0 70 138 30 6 100 0 27 34 29 34 32 2 4 22 6 6 321 321 60 60 0 15 0 Jelly^saltarín^jove 0
sc_p 12 581 172169 1 1000 0 2 0 70 155 70 4 70 0 17 34 19 34 17 2 20 60 50 50 261 261 60 60 0 15 0 Ardilla^marinera 0
sc_p 25 614 172168 1 1000 0 2 0 71 157 70 2 70 0 17 34 19 34 17 1 80 50 50 60 221 221 60 60 0 15 0 Ardilla^de^unidad^e 0
sc_p 5 1384 172167 90 1000 7308 2 1 633 795 70 4 70 4 331 479 272 479 309 0 50 40 20 70 35480 35480 12147 12147 0 50142850 1 Ardilla^calabaza 0
sc_n 4 2641 172166 94 1000 1 -1 -1 -1 -1 0 0 1 0 214 214 428 0 0 0 88 214 107 214 88 3 0 0 0 0 16921 16921 8410 8410 0 291503800 Amora^sin^alas -1 0 -1 -1 -1 -1
sc_p 4 828 172165 93 1000 1059040 0 0 633 827 532 12 150 0 354 531 312 531 288 2 60 80 70 60 37936 37936 4582 4582 0 67009700 0 Kagome 0
sc_p 6 830 172164 15 1000 3955 0 0 117 154 104 4 70 2 67 113 65 113 55 3 40 40 40 40 1225 1225 195 195 0 5256 0 Rudi^Rabauke^joven 0
sc_p 20 2106 172163 6 1000 230 0 0 73 97 56 4 70 0 38 65 36 65 34 1 40 40 40 40 470 470 108 108 0 420 0 Pavesa 0
sc_p 1 664 172162 10 1000 91 0 0 97 132 82 10 150 0 43 117 47 117 38 1 50 50 50 50 706 706 128 128 0 1518 0 Conejo^entrañable 0
sc_p 23 824 172161 1 1000 0 0 0 70 138 30 6 100 0 27 34 29 34 32 2 4 22 6 6 321 321 60 60 0 15 0 Jelly^saltarín^jove 0
sc_p 21 3107 172160 93 1000 1 0 0 540 716 560 4 70 0 306 564 322 564 255 3 60 80 70 70 20638 20638 3503 3503 0 67009700 0 Picaña^dócil 0
sc_p 13 670 172159 95 177 31210465 2 0 660 830 70 4 70 6 372 592 337 592 389 2 60 80 70 60 35001 44836 26643 26643 1 78866350 1 Widersito 1
sc_n 2 319 172158 94 1000 1 -1 997.5.2 -1 -1 0 0 0 0 242 242 140 0 0 2 594 573 456 573 367 0 5 5 5 5 34861 34861 10244 10244 0 291503800 Kliff 1102 1 -1 -1 -1 -1
sc_n 1 2640 172157 94 1000 242950 991.7.5 996.2.4 -1 -1 0 0 1 5 871 931 921 13 200 4 320 772 396 772 375 1 0 0 0 0 10110 16510 10544 11944 1 291503800 Jennifer -1 1 4812.100 1318.2 1319.4 1320.7
sc_n 0 2620 172156 94 1000 5780688 992.3.0 995.6.10 -1 -1 0 0 2 0 683 773 70 0 0 10 250 481 302 481 373 2 2 2 2 2 9401 13401 12447 17447 0 291503800 Erdimien 2704 1 4810.100 1315.4 1316.1 1317.6
sc_p 9 769 172155 1 1000 0 0 0 130 150 55 15 180 0 32 35 37 35 13 0 20 20 20 20 350 350 60 60 0 15 0 Ardilla^boxeadora 0
mv 3 15263 121 69 9
eff 3 15258 5000
mv 3 15253 40 50 9
mv 3 15231 83 37 11
mv 3 15211 42 29 11
mv 3 15205 36 52 11
mv 3 15203 27 16 11
mv 3 15201 28 46 11
mv 3 15195 140 67 11
mv 3 15175 67 54 11
mv 3 15156 23 37 11
mv 3 15154 112 24 11
mv 3 15266 137 71 9
mv 3 15262 100 55 9
mv 3 15258 66 36 9
mv 3 15249 138 37 11
mv 3 15232 86 33 11
eff 3 15229 5000
eff 3 15226 5000
mv 3 15214 51 76 11
mv 3 15212 45 63 11
mv 3 15206 39 22 11
mv 3 15155 17 22 11
mv 2 15267 104 7 4
mv 3 15261 98 43 9
mv 3 15252 31 50 9
mv 3 15251 27 29 9
mv 3 15247 135 65 11
mv 3 15244 132 27 11
eff 3 15227 5000
mv 3 15218 54 32 11
mv 3 15208 39 27 11
mv 3 15186 123 11 11
mv 3 15185 116 21 11
mv 3 15179 88 79 11
bf 1 538316 0.374.3000 95
eff_t 2 172159 1 538316 4766
mv 3 15227 71 49 11
mv 3 15209 40 52 11
mv 3 15202 29 25 11
mv 3 15189 129 66 11
mv 3 15184 107 43 11
mv 3 15183 103 51 11
mv 3 15176 74 77 11
mv 3 15259 77 78 9
mv 3 15255 52 62 9
mv 3 15248 138 28 11
mv 3 15246 132 79 11
mv 3 15238 107 39 11
mv 3 15233 91 46 11
mv 3 15200 27 36 11
mv 3 15199 23 42 11
mv 3 15198 21 32 11
mv 3 15193 136 32 11
mv 3 15182 95 44 11
mv 3 15181 94 50 11
mv 3 15177 73 82 11
mv 3 15172 59 55 11
mv 3 15170 57 39 11
mv 3 15169 53 81 11
mv 3 15166 44 24 11
mv 3 15165 45 49 11
mv 3 15160 34 31 11
gp 2 7 2636 -1 0 0
gp 130 2 2633 -1 1 0
gp 145 70 2637 -1 2 0
wp 27 82 95 4 85 99
in 3 3015 15266 137 71 2 100 100 0 0 0 -1 1 0 -1 - 2 -1 0 0 0 0 0 0 0 0
in 3 3015 15265 135 39 2 100 100 0 0 0 -1 1 0 -1 - 2 -1 0 0 0 0 0 0 0 0
in 3 3015 15264 134 63 2 100 100 0 0 0 -1 1 0 -1 - 2 -1 0 0 0 0 0 0 0 0
in 3 3015 15263 121 69 2 100 100 0 0 0 -1 1 0 -1 - 2 -1 0 0 0 0 0 0 0 0
in 3 3015 15262 100 55 2 100 100 0 0 0 -1 1 0 -1 - 2 -1 0 0 0 0 0 0 0 0
in 3 3015 15261 98 43 2 100 100 0 0 0 -1 1 0 -1 - 2 -1 0 0 0 0 0 0 0 0
in 3 3015 15260 90 31 2 100 100 0 0 0 -1 1 0 -1 - 2 -1 0 0 0 0 0 0 0 0
in 3 3015 15259 77 78 2 100 100 0 0 0 -1 1 0 -1 - 2 -1 0 0 0 0 0 0 0 0
in 3 3015 15258 66 36 2 100 100 0 0 0 -1 1 0 -1 - 2 -1 0 0 0 0 0 0 0 0
in 3 3015 15257 57 39 2 100 100 0 0 0 -1 1 0 -1 - 2 -1 0 0 0 0 0 0 0 0
in 3 3015 15256 54 70 2 100 100 0 0 0 -1 1 0 -1 - 2 -1 0 0 0 0 0 0 0 0
in 3 3015 15255 52 62 2 100 100 0 0 0 -1 1 0 -1 - 2 -1 0 0 0 0 0 0 0 0
in 3 3015 15254 43 57 2 100 100 0 0 0 -1 1 0 -1 - 2 -1 0 0 0 0 0 0 0 0
in 3 3015 15253 40 50 2 100 100 0 0 0 -1 1 0 -1 - 2 -1 0 0 0 0 0 0 0 0
in 3 3015 15252 31 50 2 100 100 0 0 0 -1 1 0 -1 - 2 -1 0 0 0 0 0 0 0 0
in 3 3015 15251 27 29 2 100 100 0 0 0 -1 1 0 -1 - 2 -1 0 0 0 0 0 0 0 0
in 3 3015 15250 16 29 2 100 100 0 0 0 -1 1 0 -1 - 2 -1 0 0 0 0 0 0 0 0
in 3 3014 15249 138 37 2 100 100 0 0 0 -1 1 0 -1 - 2 -1 0 0 0 0 0 0 0 0
in 3 3014 15248 138 28 2 100 100 0 0 0 -1 1 0 -1 - 2 -1 0 0 0 0 0 0 0 0
in 3 3014 15247 135 65 2 100 100 0 0 0 -1 1 0 -1 - 2 -1 0 0 0 0 0 0 0 0
in 3 3014 15246 132 79 2 100 100 0 0 0 -1 1 0 -1 - 2 -1 0 0 0 0 0 0 0 0
in 3 3014 15245 130 73 2 100 100 0 0 0 -1 1 0 -1 - 2 -1 0 0 0 0 0 0 0 0
in 3 3014 15244 132 27 2 100 100 0 0 0 -1 1 0 -1 - 2 -1 0 0 0 0 0 0 0 0
in 3 3014 15243 130 44 2 100 100 0 0 0 -1 1 0 -1 - 2 -1 0 0 0 0 0 0 0 0
in 3 3014 15242 126 69 2 100 100 0 0 0 -1 1 0 -1 - 2 -1 0 0 0 0 0 0 0 0
in 3 3014 15241 125 78 2 100 100 0 0 0 -1 1 0 -1 - 2 -1 0 0 0 0 0 0 0 0
in 3 3014 15240 124 61 2 100 100 0 0 0 -1 1 0 -1 - 2 -1 0 0 0 0 0 0 0 0
in 3 3014 15239 119 18 2 100 100 0 0 0 -1 1 0 -1 - 2 -1 0 0 0 0 0 0 0 0
in 3 3014 15238 107 39 2 100 100 0 0 0 -1 1 0 -1 - 2 -1 0 0 0 0 0 0 0 0
in 3 3014 15237 103 50 2 100 100 0 0 0 -1 1 0 -1 - 2 -1 0 0 0 0 0 0 0 0
in 3 3014 15236 100 47 2 100 100 0 0 0 -1 1 0 -1 - 2 -1 0 0 0 0 0 0 0 0
in 3 3014 15235 98 49 2 100 100 0 0 0 -1 1 0 -1 - 2 -1 0 0 0 0 0 0 0 0
in 3 3014 15234 81 30 2 100 100 0 0 0 -1 1 0 -1 - 2 -1 0 0 0 0 0 0 0 0
in 3 3014 15233 91 46 2 100 100 0 0 0 -1 1 0 -1 - 2 -1 0 0 0 0 0 0 0 0
in 3 3014 15232 86 33 2 100 100 0 0 0 -1 1 0 -1 - 2 -1 0 0 0 0 0 0 0 0
in 3 3014 15231 83 37 2 100 100 0 0 0 -1 1 0 -1 - 2 -1 0 0 0 0 0 0 0 0
in 3 3014 15230 84 78 2 100 100 0 0 0 -1 1 0 -1 - 2 -1 0 0 0 0 0 0 0 0
in 3 3014 15229 81 44 2 100 100 0 0 0 -1 1 0 -1 - 2 -1 0 0 0 0 0 0 0 0
in 3 3014 15228 82 81 2 100 100 0 0 0 -1 1 0 -1 - 2 -1 0 0 0 0 0 0 0 0
in 3 3014 15227 71 49 2 100 100 0 0 0 -1 1 0 -1 - 2 -1 0 0 0 0 0 0 0 0
in 3 3014 15226 69 36 2 100 100 0 0 0 -1 1 0 -1 - 2 -1 0 0 0 0 0 0 0 0
in 3 3014 15225 107 48 6 100 100 0 0 0 -1 1 0 -1 - 2 -1 0 0 0 0 0 0 0 0
in 3 3014 15223 67 80 2 100 100 0 0 0 -1 1 0 -1 - 2 -1 0 0 0 0 0 0 0 0
in 3 3014 15222 58 36 2 100 100 0 0 0 -1 1 0 -1 - 2 -1 0 0 0 0 0 0 0 0
in 3 3014 15221 60 81 2 100 100 0 0 0 -1 1 0 -1 - 2 -1 0 0 0 0 0 0 0 0
in 3 3014 15220 59 80 2 100 100 0 0 0 -1 1 0 -1 - 2 -1 0 0 0 0 0 0 0 0
in 3 3014 15219 54 40 2 100 100 0 0 0 -1 1 0 -1 - 2 -1 0 0 0 0 0 0 0 0
in 3 3014 15218 54 32 2 100 100 0 0 0 -1 1 0 -1 - 2 -1 0 0 0 0 0 0 0 0
in 3 3014 15217 52 44 2 100 100 0 0 0 -1 1 0 -1 - 2 -1 0 0 0 0 0 0 0 0
in 3 3014 15216 54 36 2 100 100 0 0 0 -1 1 0 -1 - 2 -1 0 0 0 0 0 0 0 0
in 3 3014 15215 51 57 2 100 100 0 0 0 -1 1 0 -1 - 2 -1 0 0 0 0 0 0 0 0
in 3 3014 15214 51 76 2 100 100 0 0 0 -1 1 0 -1 - 2 -1 0 0 0 0 0 0 0 0
in 3 3014 15213 50 67 2 100 100 0 0 0 -1 1 0 -1 - 2 -1 0 0 0 0 0 0 0 0
in 3 3014 15212 45 63 2 100 100 0 0 0 -1 1 0 -1 - 2 -1 0 0 0 0 0 0 0 0
in 3 3014 15211 42 29 2 100 100 0 0 0 -1 1 0 -1 - 2 -1 0 0 0 0 0 0 0 0
in 3 3014 15210 41 59 2 100 100 0 0 0 -1 1 0 -1 - 2 -1 0 0 0 0 0 0 0 0
in 3 3014 15209 40 52 2 100 100 0 0 0 -1 1 0 -1 - 2 -1 0 0 0 0 0 0 0 0
in 3 3014 15208 39 27 2 100 100 0 0 0 -1 1 0 -1 - 2 -1 0 0 0 0 0 0 0 0
in 3 3014 15207 39 22 2 100 100 0 0 0 -1 1 0 -1 - 2 -1 0 0 0 0 0 0 0 0
in 3 3014 15206 39 22 2 100 100 0 0 0 -1 1 0 -1 - 2 -1 0 0 0 0 0 0 0 0
in 3 3014 15205 36 52 2 100 100 0 0 0 -1 1 0 -1 - 2 -1 0 0 0 0 0 0 0 0
in 3 3014 15204 36 48 2 100 100 0 0 0 -1 1 0 -1 - 2 -1 0 0 0 0 0 0 0 0
in 3 3014 15203 27 16 2 100 100 0 0 0 -1 1 0 -1 - 2 -1 0 0 0 0 0 0 0 0
in 3 3014 15202 29 25 2 100 100 0 0 0 -1 1 0 -1 - 2 -1 0 0 0 0 0 0 0 0
in 3 3014 15201 28 46 2 100 100 0 0 0 -1 1 0 -1 - 2 -1 0 0 0 0 0 0 0 0
in 3 3014 15200 27 36 2 100 100 0 0 0 -1 1 0 -1 - 2 -1 0 0 0 0 0 0 0 0
in 3 3014 15199 23 42 2 100 100 0 0 0 -1 1 0 -1 - 2 -1 0 0 0 0 0 0 0 0
in 3 3014 15198 21 32 2 100 100 0 0 0 -1 1 0 -1 - 2 -1 0 0 0 0 0 0 0 0
in 3 3014 15197 15 24 2 100 100 0 0 0 -1 1 0 -1 - 2 -1 0 0 0 0 0 0 0 0
in 3 3014 15196 15 28 2 100 100 0 0 0 -1 1 0 -1 - 2 -1 0 0 0 0 0 0 0 0
in 3 3013 15195 140 67 2 100 100 0 0 0 -1 1 0 -1 - 2 -1 0 0 0 0 0 0 0 0
in 3 3013 15194 138 73 2 100 100 0 0 0 -1 1 0 -1 - 2 -1 0 0 0 0 0 0 0 0
in 3 3013 15193 136 32 2 100 100 0 0 0 -1 1 0 -1 - 2 -1 0 0 0 0 0 0 0 0
in 3 3013 15192 130 77 2 100 100 0 0 0 -1 1 0 -1 - 2 -1 0 0 0 0 0 0 0 0
in 3 3013 15191 128 49 2 100 100 0 0 0 -1 1 0 -1 - 2 -1 0 0 0 0 0 0 0 0
in 3 3013 15190 130 40 2 100 100 0 0 0 -1 1 0 -1 - 2 -1 0 0 0 0 0 0 0 0
in 3 3013 15189 129 66 2 100 100 0 0 0 -1 1 0 -1 - 2 -1 0 0 0 0 0 0 0 0
in 3 3013 15188 121 61 2 100 100 0 0 0 -1 1 0 -1 - 2 -1 0 0 0 0 0 0 0 0
in 3 3013 15187 120 24 2 100 100 0 0 0 -1 1 0 -1 - 2 -1 0 0 0 0 0 0 0 0
in 3 3013 15186 123 11 2 100 100 0 0 0 -1 1 0 -1 - 2 -1 0 0 0 0 0 0 0 0
in 3 3013 15185 116 21 2 100 100 0 0 0 -1 1 0 -1 - 2 -1 0 0 0 0 0 0 0 0
in 3 3013 15184 107 43 2 100 100 0 0 0 -1 1 0 -1 - 2 -1 0 0 0 0 0 0 0 0
in 3 3013 15183 103 51 2 100 100 0 0 0 -1 1 0 -1 - 2 -1 0 0 0 0 0 0 0 0
in 3 3013 15182 95 44 2 100 100 0 0 0 -1 1 0 -1 - 2 -1 0 0 0 0 0 0 0 0
in 3 3013 15181 94 50 2 100 100 0 0 0 -1 1 0 -1 - 2 -1 0 0 0 0 0 0 0 0
in 3 3013 15180 89 26 2 100 100 0 0 0 -1 1 0 -1 - 2 -1 0 0 0 0 0 0 0 0
in 3 3013 15179 88 79 2 100 100 0 0 0 -1 1 0 -1 - 2 -1 0 0 0 0 0 0 0 0
in 3 3013 15178 83 39 2 100 100 0 0 0 -1 1 0 -1 - 2 -1 0 0 0 0 0 0 0 0
in 3 3013 15177 73 82 2 100 100 0 0 0 -1 1 0 -1 - 2 -1 0 0 0 0 0 0 0 0
in 3 3013 15176 74 77 2 100 100 0 0 0 -1 1 0 -1 - 2 -1 0 0 0 0 0 0 0 0
in 3 3013 15175 67 54 2 100 100 0 0 0 -1 1 0 -1 - 2 -1 0 0 0 0 0 0 0 0
in 3 3013 15174 20 12 4 100 100 0 0 0 -1 1 0 -1 - 2 -1 0 0 0 0 0 0 0 0
in 3 3013 15172 59 55 2 100 100 0 0 0 -1 1 0 -1 - 2 -1 0 0 0 0 0 0 0 0
in 3 3013 15171 55 44 2 100 100 0 0 0 -1 1 0 -1 - 2 -1 0 0 0 0 0 0 0 0
in 3 3013 15170 57 39 2 100 100 0 0 0 -1 1 0 -1 - 2 -1 0 0 0 0 0 0 0 0
in 3 3013 15169 53 81 2 100 100 0 0 0 -1 1 0 -1 - 2 -1 0 0 0 0 0 0 0 0
in 3 3013 15168 55 67 2 100 100 0 0 0 -1 1 0 -1 - 2 -1 0 0 0 0 0 0 0 0
in 3 3013 15167 48 73 2 100 100 0 0 0 -1 1 0 -1 - 2 -1 0 0 0 0 0 0 0 0
in 3 3013 15166 44 24 2 100 100 0 0 0 -1 1 0 -1 - 2 -1 0 0 0 0 0 0 0 0
in 3 3013 15165 45 49 2 100 100 0 0 0 -1 1 0 -1 - 2 -1 0 0 0 0 0 0 0 0
in 3 3013 15164 139 82 2 100 100 0 0 0 -1 1 0 -1 - 2 -1 0 0 0 0 0 0 0 0
in 3 3013 15162 38 58 2 100 100 0 0 0 -1 1 0 -1 - 2 -1 0 0 0 0 0 0 0 0
in 3 3013 15161 37 76 2 100 100 0 0 0 -1 1 0 -1 - 2 -1 0 0 0 0 0 0 0 0
in 3 3013 15160 34 31 2 100 100 0 0 0 -1 1 0 -1 - 2 -1 0 0 0 0 0 0 0 0
in 3 3013 15159 34 62 2 100 100 0 0 0 -1 1 0 -1 - 2 -1 0 0 0 0 0 0 0 0
in 3 3013 15158 34 43 2 100 100 0 0 0 -1 1 0 -1 - 2 -1 0 0 0 0 0 0 0 0
in 3 3013 15157 28 19 2 100 100 0 0 0 -1 1 0 -1 - 2 -1 0 0 0 0 0 0 0 0
in 3 3013 15156 23 37 2 100 100 0 0 0 -1 1 0 -1 - 2 -1 0 0 0 0 0 0 0 0
in 3 3013 15155 17 22 2 100 100 0 0 0 -1 1 0 -1 - 2 -1 0 0 0 0 0 0 0 0
in 3 3013 15154 112 24 1 100 100 0 0 0 -1 1 0 -1 - 2 -1 0 0 0 0 0 0 0 0
in 2 3054 15271 57 59 0 100 100 0 0 0 -1 1 0 -1 - 2 -1 0 0 0 0 0 0 0 0
in 2 3053 15270 138 76 0 100 100 0 0 0 -1 1 0 -1 - 2 -1 0 0 0 0 0 0 0 0
in 2 3053 15269 122 7 0 100 100 0 0 0 -1 1 0 -1 - 2 -1 0 0 0 0 0 0 0 0
in 2 3053 15268 7 4 0 100 100 0 0 0 -1 1 0 -1 - 2 -1 0 0 0 0 0 0 0 0
in 2 3044 15267 104 7 2 100 100 11013 0 0 -1 1 0 -1 - 2 -1 0 0 0 0 0 0 0 0
pst 2 172157 0 61 88 10110 10544 0 0 0
pst 2 172159 1 78 100 35001 26643 0 0 0
mv 3 15263 123 68 9
mv 3 15253 40 49 9
mv 3 15236 100 49 11
mv 3 15235 97 50 11
mv 3 15231 82 36 11
mv 3 15221 61 80 11
mv 3 15213 51 67 11
mv 3 15205 37 52 11
mv 3 15203 28 14 11
mv 3 15195 139 66 11
mv 3 15190 132 42 11
mv 3 15188 122 60 11
mv 3 15156 23 36 11
mv 3 15266 136 72 9
mv 3 15265 135 41 9
mv 3 15262 99 56 9
mv 3 15258 68 40 13
mv 3 15242 124 69 11
mv 3 15232 87 32 11
mv 3 15206 38 21 11
mv 3 15157 29 19 11
mv 3 15257 58 40 9
mv 3 15244 131 27 11
mv 3 15239 119 19 11
mv 3 15229 82 44 11
mv 3 15208 40 25 11
mv 3 15204 37 49 11
mv 3 15187 121 22 11
mv 3 15185 115 23 11
mv 3 15171 56 45 11
mv 3 15162 39 57 11
stat 19731 22260 24467 24467 0 75040
mv 3 15254 45 56 9
mv 3 15243 129 43 11
mv 3 15241 126 79 11
mv 3 15227 71 50 11
mv 3 15217 53 46 11
mv 3 15216 52 38 11
mv 3 15210 40 59 11
mv 3 15202 29 23 11
mv 3 15184 105 42 11
mv 3 15183 105 53 11
mv 3 15176 74 75 11
mv 3 15174 22 14 11
mv 3 15158 32 45 11
mv 3 15250 16 28 9
mv 3 15245 132 72 11
mv 3 15238 106 37 11
mv 3 15237 104 49 11
mv 3 15233 92 45 11
mv 3 15219 55 41 11
mv 3 15215 50 58 11
mv 3 15198 22 32 11
mv 3 15193 134 33 11
mv 3 15180 88 24 11
mv 3 15170 57 37 11
mv 3 15169 53 82 11
mv 3 15166 45 23 11
mv 3 15165 46 47 11
mv 3 15160 34 29 11
pst 2 172157 0 61 88 10194 10544 0 0 0
pst 2 172159 1 78 100 35085 26643 0 0 0
mv 3 15263 122 66 9
mv 3 15253 39 49 9
mv 3 15240 125 61 11
mv 3 15236 98 47 11
mv 3 15235 96 48 11
mv 3 15231 84 34 11
mv 3 15221 59 80 11
mv 3 15213 52 68 11
mv 3 15211 40 27 11
mv 3 15205 35 53 11
mv 3 15188 124 60 11
mv 3 15175 66 55 11
mv 3 15156 22 38 11
mv 3 15265 133 39 9
mv 3 15262 100 55 9
mv 3 15260 90 29 9
mv 3 15258 67 38 9
mv 3 15249 138 36 11
mv 3 15242 126 70 11
mv 3 15232 88 31 11
mv 3 15214 49 75 11
mv 3 15206 36 20 11
mv 3 15178 82 37 11
mv 3 15157 27 20 11
mv 2 15267 103 6 4
ncif 3 15258
mv 3 15257 60 39 9
mv 3 15252 30 51 9
mv 3 15247 134 65 11
mv 3 15239 117 17 11
mv 3 15229 76 44 16
mv 3 15218 55 33 11
mv 3 15208 39 26 11
mv 3 15204 35 49 11
mv 3 15194 137 74 11
mv 3 15186 122 10 11
mv 3 15171 57 44 11
mv 3 15162 40 55 11
mv 3 15243 130 44 11
mv 3 15230 83 79 11
mv 3 15228 82 80 11
mv 3 15216 51 38 11
mv 3 15202 28 23 11
mv 3 15184 106 44 11
mv 3 15161 37 77 11
st 3 15258 95 0 100 100 162693 13269
mv 3 15259 75 80 9
mv 3 15250 17 30 9
mv 3 15248 139 30 11
mv 3 15245 130 72 11
mv 3 15238 106 36 11
mv 3 15233 92 47 11
mv 3 15219 56 41 11
mv 3 15215 51 59 11
mv 3 15207 40 21 11
mv 3 15198 22 30 11
mv 3 15193 133 33 11
mv 3 15192 132 77 11
mv 3 15182 94 44 11
mv 3 15181 92 49 11
mv 3 15180 90 26 11
mv 3 15170 56 36 11
mv 3 15169 54 84 11
mv 3 15165 45 45 11
mv 3 15160 35 30 11
pst 2 172157 0 61 88 10194 10544 0 0 0
pst 2 172159 1 78 100 35085 26643 0 0 0
mv 3 15240 124 59 11
mv 3 15235 94 49 11
mv 3 15223 69 81 11
mv 3 15222 58 34 11
mv 3 15221 57 82 11
mv 3 15213 50 67 11
mv 3 15211 41 27 11
mv 3 15203 26 15 11
mv 3 15201 27 46 11
mv 3 15197 14 26 11
mv 3 15156 21 38 11
mv 3 15266 137 72 9
mv 3 15262 101 53 9
mv 3 15249 137 37 11
mv 3 15242 125 69 11
mv 3 15232 89 32 11
mv 3 15214 51 76 11
mv 3 15212 44 64 11
mv 3 15206 38 21 11
mv 3 15157 29 20 11
mv 3 15155 19 23 11
mv 2 15267 103 7 4
ncif 3 15258
mv 3 15261 99 43 9
mv 3 15252 30 53 9
mv 3 15251 28 27 9
mv 3 15247 136 67 11
mv 3 15244 131 28 11
mv 3 15239 119 15 11
mv 3 15229 80 44 11
mv 3 15187 121 23 11
mv 3 15185 115 22 11
mv 3 15179 86 79 11
mv 3 15171 55 43 11
mv 3 15162 39 55 11
stat 19815 22260 24467 24467 0 75040
stat 19815 22260 24467 24467 0 75040
mv 3 15254 45 55 9
mv 3 15230 83 80 11
mv 3 15228 80 81 11
mv 3 15217 53 48 11
mv 3 15216 52 37 11
mv 3 15210 41 59 11
mv 3 15209 39 52 11
mv 3 15184 106 42 11
mv 3 15183 105 52 11
mv 3 15176 74 76 11
mv 3 15174 20 12 11
mv 3 15168 54 68 11
st 3 15258 95 0 100 100 162693 13269
mv 3 15259 77 82 9
mv 3 15255 54 61 9
mv 3 15250 19 28 9
mv 3 15248 138 30 11
mv 3 15245 132 70 11
mv 3 15238 108 37 11
mv 3 15237 105 51 11
mv 3 15220 57 79 11
mv 3 15219 55 41 11
mv 3 15215 51 58 11
mv 3 15207 41 22 11
mv 3 15200 28 37 11
mv 3 15198 24 31 11
mv 3 15181 94 51 11
mv 3 15172 58 53 11
mv 3 15170 56 35 11
mv 3 15167 46 71 11
mv 3 15166 45 24 11
mv 3 15165 46 46 11
mv 3 15160 33 31 11
pst 2 172157 0 62 93 10278 11161 0 0 0
pst 2 172159 1 78 100 35169 26643 0 0 0
mv 3 15264 134 64 9
mv 3 15253 41 49 9
mv 3 15240 125 58 11
mv 3 15236 99 48 11
mv 3 15231 84 33 11
mv 3 15225 108 50 11
mv 3 15223 67 82 11
mv 3 15221 59 80 11
mv 3 15213 50 69 11
mv 3 15211 42 27 11
mv 3 15203 26 16 11
mv 3 15201 26 48 11
mv 3 15197 14 25 11
mv 3 15188 122 60 11
mv 3 15175 67 54 11
mv 3 15156 20 36 11
glist 0 0
ncif 3 15226
mv 3 15265 134 40 9
mv 3 15262 100 54 9
mv 3 15260 89 30 9
mv 3 15242 126 69 11
mv 3 15214 52 75 11
mv 3 15212 45 66 11
mv 3 15157 30 22 11
mv 3 15261 98 44 9
mv 3 15257 58 38 9
mv 3 15252 28 52 9
mv 3 15251 29 28 9
mv 3 15244 130 28 11
mv 3 15229 80 46 11
mv 3 15208 40 27 11
mv 3 15196 15 30 11
mv 3 15187 123 22 11
mv 3 15186 121 11 11
mv 3 15185 113 21 11
eff 2 172159 3007
st 3 15226 92 0 100 100 87622 11831
mv 3 15254 47 56 9
mv 3 15243 129 44 11
mv 3 15230 83 81 11
mv 3 15227 69 51 11
mv 3 15216 52 39 11
mv 3 15210 43 59 11
mv 3 15202 27 23 11
mv 3 15189 130 64 11
mv 3 15184 104 44 11
mv 3 15183 104 53 11
mv 3 15174 19 14 11
mv 3 15168 52 69 11
mv 3 15161 36 76 11
mv 3 15158 33 43 11
mv 3 15259 78 82 9
mv 3 15245 132 71 11
mv 3 15238 107 37 11
mv 3 15233 90 48 11
mv 3 15220 59 78 11
mv 3 15219 53 39 11
mv 3 15193 135 34 11
mv 3 15192 130 76 11
mv 3 15182 95 43 11
mv 3 15170 56 36 11
mv 3 15169 52 83 11
mv 3 15166 46 23 11
mv 3 15165 46 47 11
pst 2 172157 0 62 93 10278 11161 0 0 0
pst 2 172159 1 78 100 35169 26643 0 0 0
mv 3 15264 134 63 9
mv 3 15253 39 48 9
mv 3 15240 123 60 11
mv 3 15236 101 48 11
mv 3 15235 96 49 11
mv 3 15225 109 49 11
mv 3 15223 65 82 11
mv 3 15213 52 68 11
mv 3 15211 40 28 11
mv 3 15205 34 53 11
mv 3 15201 28 46 11
mv 3 15197 15 26 11
mv 3 15195 139 68 11
mv 3 15188 123 58 11
mv 3 15175 66 54 11
mv 3 15154 112 25 11
ncif 3 15226
mv 3 15266 135 70 9
mv 3 15265 135 40 9
mv 3 15262 101 56 9
mv 3 15260 91 29 9
mv 3 15258 68 38 9
mv 3 15242 127 70 11
mv 3 15232 88 32 11
mv 3 15212 44 65 11
mv 3 15206 37 22 11
mv 3 15178 84 37 11
mv 3 15157 30 20 11
mv 2 15267 102 8 4
mv 3 15257 59 37 9
mv 3 15252 28 50 9
mv 3 15251 31 29 9
mv 3 15247 135 67 11
mv 3 15244 131 27 11
mv 3 15239 119 17 11
mv 3 15229 81 48 11
mv 3 15226 70 38 11
mv 3 15218 56 32 11
mv 3 15191 128 51 11
mv 3 15187 121 24 11
mv 3 15185 115 23 11
mv 3 15179 87 80 11
mv 3 15162 40 56 11
stat 19899 22260 24467 24467 0 75040
st 3 15226 92 0 100 100 87622 11831
mv 3 15243 129 43 11
mv 3 15241 124 79 11
mv 3 15228 82 80 11
mv 3 15216 51 38 11
mv 3 15210 41 58 11
mv 3 15209 40 50 11
mv 3 15202 25 22 11
mv 3 15189 129 66 11
mv 3 15184 106 43 11
mv 3 15183 104 51 11
mv 3 15176 73 76 11
mv 3 15161 38 75 11
mv 3 15259 79 80 9
mv 3 15255 52 62 9
mv 3 15250 18 29 9
mv 3 15238 108 37 11
mv 3 15233 90 47 11
mv 3 15200 26 37 11
mv 3 15192 131 76 11
mv 3 15172 59 54 11
mv 3 15170 57 36 11
pst 2 172157 0 62 93 10362 11161 0 0 0
pst 2 172159 1 78 100 35253 26643 0 0 0
mv 3 15264 133 62 9
mv 3 15240 122 58 11
mv 3 15236 99 48 11
mv 3 15225 110 48 11
mv 3 15223 66 83 11
mv 3 15205 35 53 11
mv 3 15203 27 17 11
mv 3 15197 14 25 11
mv 3 15175 69 49 16
mv 3 15156 21 36 11
mv 3 15154 112 24 11
ncif 3 15226
mv 3 15266 137 69 9
mv 3 15265 134 38 9
mv 3 15258 69 37 9
mv 3 15249 139 37 11
mv 3 15212 46 63 11
mv 3 15206 39 21 11
mv 3 15261 97 44 9
mv 3 15257 61 38 9
mv 3 15251 30 28 9
mv 3 15229 93 51 16
mv 3 15218 57 33 11
mv 3 15208 40 26 11
mv 3 15204 33 51 11
mv 3 15196 15 29 11
mv 3 15191 130 51 11
mv 3 15186 119 10 11
mv 3 15171 55 44 11
st 3 15226 92 0 100 100 87622 11831
mv 3 15254 45 54 9
mv 3 15243 131 44 11
mv 3 15230 84 81 11
mv 3 15228 83 81 11
mv 3 15227 70 49 11
mv 3 15216 52 36 11
mv 3 15210 42 59 11
mv 3 15189 130 68 11
mv 3 15184 107 44 11
mv 3 15176 74 78 11
mv 3 15174 21 12 11
mv 3 15158 31 43 11
mv 3 15245 130 73 11
mv 3 15238 107 37 11
mv 3 15237 105 50 11
mv 3 15233 89 48 11
mv 3 15220 57 79 11
mv 3 15215 52 56 11
mv 3 15200 27 37 11
mv 3 15199 23 40 11
mv 3 15193 134 33 11
mv 3 15192 131 74 11
mv 3 15181 93 52 11
mv 3 15180 91 27 11
mv 3 15172 58 55 11
mv 3 15170 55 36 11
mv 3 15166 45 24 11
mv 3 15160 32 30 11
pst 2 172157 0 62 93 10362 11161 0 0 0
pst 2 172159 1 78 100 35253 26643 0 0 0
mv 3 15264 131 64 9
mv 3 15240 123 59 11
mv 3 15236 98 48 11
mv 3 15231 83 35 11
mv 3 15223 68 81 11
mv 3 15222 59 33 11
mv 3 15221 59 81 11
mv 3 15213 50 67 11
mv 3 15211 41 27 11
mv 3 15197 15 24 11
mv 3 15195 139 69 11
mv 3 15188 122 60 11
mv 3 15156 20 37 11
mv 3 15265 134 37 9
mv 3 15258 68 39 9
mv 3 15242 125 71 11
mv 3 15232 86 30 11
mv 3 15214 51 74 11
mv 3 15206 39 22 11
mv 3 15178 84 36 11
mv 2 15267 100 7 4
ncif 3 15226
mv 3 15261 97 43 9
mv 3 15257 61 40 9
mv 3 15244 133 26 11
mv 3 15239 119 18 11
mv 3 15229 105 54 16
mv 3 15218 55 32 11
mv 3 15191 128 51 11
mv 3 15187 123 23 11
mv 3 15179 87 81 11
mv 3 15162 38 55 11
stat 19983 22260 24467 24467 0 75040
stat 19983 22260 24467 24467 0 75040
mv 3 15254 46 55 9
mv 3 15216 50 36 11
mv 3 15209 38 52 11
mv 3 15184 106 46 11
mv 3 15183 102 52 11
mv 3 15176 72 78 11
mv 3 15174 19 10 11
mv 3 15158 32 42 11
st 3 15226 92 0 100 100 87622 11831
mv 3 15259 77 82 9
mv 3 15255 54 60 9
mv 3 15248 137 28 11
mv 3 15246 130 78 11
mv 3 15245 132 72 11
mv 3 15237 103 50 11
mv 3 15233 90 46 11
mv 3 15220 55 78 11
mv 3 15219 55 39 11
mv 3 15207 40 23 11
mv 3 15200 26 38 11
mv 3 15193 135 31 11
mv 3 15192 130 75 11
mv 3 15181 92 50 11
mv 3 15180 91 25 11
mv 3 15177 75 83 11
mv 3 15172 57 56 11
mv 3 15170 57 38 11
mv 3 15169 53 83 11
mv 3 15167 46 72 11
mv 3 15160 34 31 11
pst 2 172157 0 63 98 10446 11778 0 0 0
pst 2 172159 1 78 100 35337 26643 0 0 0
ncif 3 15175
mv 3 15264 132 66 9
mv 3 15253 39 47 9
mv 3 15240 125 60 11
mv 3 15235 96 48 11
mv 3 15231 82 37 11
mv 3 15225 109 50 11
mv 3 15223 67 81 11
mv 3 15222 59 34 11
mv 3 15213 48 65 11
mv 3 15203 27 16 11
mv 3 15201 27 45 11
mv 3 15188 124 58 11
mv 3 15175 67 50 11
mv 3 15156 21 36 11
mv 3 15266 137 68 9
mv 3 15260 89 30 9
mv 3 15249 138 35 11
mv 3 15242 125 73 11
mv 3 15212 44 65 11
mv 3 15206 38 21 11
mv 3 15261 96 45 9
mv 3 15252 28 51 9
mv 3 15247 135 65 11
mv 3 15244 131 26 11
mv 3 15239 117 17 11
mv 3 15229 117 57 16
mv 3 15226 70 37 11
mv 3 15218 56 33 11
mv 3 15208 41 27 11
mv 3 15204 35 49 11
mv 3 15196 14 28 11
mv 3 15185 113 21 11
mv 3 15171 56 46 11
mv 3 15162 39 55 11
st 3 15175 90 0 100 100 79926 11575
mv 3 15254 47 56 9
mv 3 15241 126 77 11
mv 3 15230 82 80 11
mv 3 15228 81 79 11
mv 3 15217 53 46 11
mv 3 15216 50 37 11
mv 3 15210 43 58 11
mv 3 15202 27 21 11
mv 3 15189 130 66 11
mv 3 15184 105 46 11
mv 3 15183 104 52 11
mv 3 15174 21 12 11
mv 3 15168 52 67 11
mv 3 15259 78 80 9
mv 3 15248 137 30 11
mv 3 15237 102 49 11
mv 3 15220 56 78 11
mv 3 15215 50 58 11
mv 3 15207 39 23 11
mv 3 15199 22 42 11
mv 3 15198 22 31 11
mv 3 15181 92 52 11
mv 3 15177 76 82 11
mv 3 15170 59 39 11
mv 3 15169 54 82 11
mv 3 15167 46 74 11
mv 3 15166 43 24 11
mv 3 15165 45 49 11
pst 2 172157 0 63 98 10446 11778 0 0 0
pst 2 172159 1 78 100 35337 26643 0 0 0
mv 3 15240 123 60 11
mv 3 15236 99 48 11
mv 3 15235 94 50 11
mv 3 15231 83 36 11
mv 3 15225 110 50 11
mv 3 15223 67 82 11
mv 3 15222 58 34 11
mv 3 15221 60 80 11
mv 3 15211 42 27 11
mv 3 15195 139 70 11
mv 3 15190 130 40 11
mv 3 15188 122 58 11
mv 3 15154 112 25 11
ncif 3 15175
mv 3 15266 139 69 9
mv 3 15258 68 41 9
mv 3 15214 49 75 11
mv 3 15212 46 64 11
mv 3 15206 37 23 11
mv 3 15178 82 38 11
mv 3 15157 31 21 11
mv 2 15267 102 6 4
mv 3 15261 98 43 9
mv 3 15252 28 52 9
mv 3 15247 135 67 11
mv 3 15244 131 28 11
mv 3 15229 129 60 16
mv 3 15218 55 32 11
mv 3 15208 40 28 11
mv 3 15204 36 50 11
mv 3 15196 16 28 11
mv 3 15186 119 11 11
mv 3 15179 88 80 11
eff 2 172159 3007
stat 20067 22260 24467 24467 0 75040
st 3 15175 90 0 100 100 79926 11575
mv 3 15257 60 38 9
mv 3 15254 46 57 9
mv 3 15230 81 79 11
mv 3 15227 70 48 11
mv 3 15217 53 45 11
mv 3 15216 51 36 11
mv 3 15210 41 60 11
mv 3 15209 40 50 11
mv 3 15189 131 64 11
mv 3 15184 105 45 11
mv 3 15176 71 79 11
mv 3 15161 37 75 11
mv 3 15158 33 43 11
mv 3 15255 52 62 9
mv 3 15246 131 79 11
mv 3 15238 108 38 11
mv 3 15237 103 50 11
mv 3 15220 57 78 11
mv 3 15219 54 41 11
mv 3 15193 136 32 11
mv 3 15192 130 76 11
mv 3 15182 93 43 11
mv 3 15181 94 52 11
mv 3 15172 55 54 11
mv 3 15169 56 81 11
mv 3 15165 45 48 11
pst 2 172157 0 63 98 10530 11778 0 0 0
pst 2 172159 1 79 100 35421 26643 0 0 0
ncif 3 15175
mv 3 15264 134 66 9
mv 3 15253 38 49 9
mv 3 15236 98 50 11
mv 3 15225 108 49 11
mv 3 15222 60 35 11
mv 3 15213 50 66 11
mv 3 15211 44 29 11
mv 3 15203 26 14 11
mv 3 15197 13 23 11
mv 3 15188 124 59 11
mv 3 15175 67 49 11
mv 3 15156 20 37 11
mv 3 15262 99 56 9
mv 3 15258 67 41 9
mv 3 15249 137 36 11
mv 3 15242 126 71 11
mv 3 15214 50 77 11
mv 3 15212 46 65 11
mv 3 15206 36 24 11
mv 3 15178 82 39 11
mv 3 15157 30 21 11
mv 2 15267 100 6 4
mv 3 15261 98 44 9
mv 3 15252 29 52 9
mv 3 15244 133 27 11
mv 3 15239 119 19 11
mv 3 15229 124 58 11
mv 3 15226 68 37 11
mv 3 15204 36 48 11
mv 3 15194 136 75 11
mv 3 15191 130 51 11
mv 3 15187 123 25 11
mv 3 15162 39 56 11
st 3 15175 90 0 100 100 79926 11575
mv 3 15254 47 55 9
mv 3 15228 82 80 11
mv 3 15216 51 35 11
mv 3 15210 41 62 11
mv 3 15202 29 21 11
mv 3 15183 106 52 11
mv 3 15176 73 79 11
mv 3 15158 33 45 11
mv 3 15259 76 82 9
mv 3 15255 52 61 9
mv 3 15250 20 31 9
mv 3 15248 135 29 11
mv 3 15246 132 78 11
mv 3 15245 130 71 11
mv 3 15238 108 37 11
mv 3 15233 90 48 11
mv 3 15215 50 59 11
mv 3 15207 40 21 11
mv 3 15200 25 36 11
mv 3 15199 21 42 11
mv 3 15198 24 29 11
mv 3 15193 134 34 11
mv 3 15192 130 77 11
mv 3 15182 95 43 11
mv 3 15180 90 25 11
mv 3 15172 56 53 11
mv 3 15167 46 73 11
mv 3 15166 45 26 11
mv 3 15165 44 48 11
pst 2 172157 0 63 98 10530 11778 0 0 0
pst 2 172159 1 79 100 35421 26643 0 0 0
ncif 3 15175
mv 3 15253 38 48 9
mv 3 15236 99 48 11
mv 3 15235 96 50 11
mv 3 15231 82 35 11
mv 3 15225 106 51 11
mv 3 15223 69 84 11
mv 3 15222 61 33 11
mv 3 15211 43 29 11
mv 3 15203 28 14 11
mv 3 15195 137 68 11
mv 3 15190 132 41 11
mv 3 15188 122 60 11
mv 3 15156 21 36 11
mv 3 15265 135 37 9
mv 3 15262 100 54 9
mv 3 15260 91 31 9
mv 3 15249 135 35 11
mv 3 15242 128 69 11
mv 3 15232 88 32 11
mv 3 15214 51 77 11
mv 3 15206 36 22 11
mv 3 15157 29 23 11
mv 3 15155 17 24 11
mv 3 15261 98 45 9
mv 3 15251 28 30 9
mv 3 15247 135 66 11
mv 3 15239 118 17 11
mv 3 15229 118 57 16
mv 3 15218 53 31 11
mv 3 15208 41 27 11
mv 3 15194 138 75 11
mv 3 15186 120 12 11
mv 3 15179 86 80 11
stat 20151 22260 24467 24467 0 75040
stat 20151 22260 24467 24467 0 75040
st 3 15175 90 0 100 100 79926 11575
mv 3 15257 51 33 13
mv 3 15254 45 57 9
mv 3 15243 132 45 11
mv 3 15230 83 81 11
mv 3 15217 54 46 11
mv 3 15210 43 60 11
mv 3 15209 42 51 11
mv 3 15202 28 22 11
mv 3 15168 53 66 11
mv 3 15161 36 77 11
mv 3 15158 31 43 11
mv 3 15259 77 82 9
mv 3 15255 51 63 9
mv 3 15248 136 28 11
mv 3 15246 134 79 11
mv 3 15238 109 38 11
mv 3 15237 105 50 11
mv 3 15233 89 47 11
mv 3 15219 55 39 11
mv 3 15215 51 57 11
mv 3 15200 27 34 11
mv 3 15199 23 41 11
mv 3 15192 131 75 11
mv 3 15180 88 23 11
mv 3 15177 75 80 11
mv 3 15170 57 38 11
mv 3 15169 54 82 11
mv 3 15167 44 71 11
mv 3 15165 45 48 11
pst 2 172157 0 64 100 10614 11944 0 0 0
pst 2 172159 1 79 100 35505 26643 0 0 0
ncif 3 15175
mv 3 15264 133 65 9
mv 3 15253 39 47 9
mv 3 15235 98 50 11
mv 3 15225 106 52 11
mv 3 15222 59 35 11
mv 3 15213 48 67 11
mv 3 15211 42 27 11
mv 3 15205 36 55 11
mv 3 15203 27 16 11
mv 3 15201 27 46 11
mv 3 15195 137 66 11
mv 3 15188 123 58 11
mv 3 15175 59 59 16
mv 3 15266 137 70 9
mv 3 15265 136 39 9
mv 3 15260 92 31 9
mv 3 15249 136 36 11
mv 3 15242 128 71 11
mv 3 15212 45 63 11
mv 3 15206 35 22 11
mv 3 15157 30 23 11
mv 3 15155 16 22 11
mv 2 15267 101 6 4
mv 3 15251 30 28 9
mv 3 15247 137 65 11
mv 3 15239 118 18 11
mv 3 15229 112 56 16
mv 3 15208 40 29 11
mv 3 15194 136 76 11
mv 3 15186 121 14 11
mv 3 15185 115 19 11
mv 3 15179 88 81 11
mv 3 15162 39 57 11
st 3 15175 90 0 100 100 79926 11575
mv 3 15254 43 56 9
mv 3 15241 125 77 11
mv 3 15210 41 58 11
mv 3 15209 41 52 11
mv 3 15202 26 23 11
mv 3 15189 129 66 11
mv 3 15184 106 43 11
mv 3 15176 73 78 11
mv 3 15174 20 11 11
mv 3 15168 52 67 11
mv 3 15161 34 75 11
mv 3 15248 137 28 11
mv 3 15246 132 77 11
mv 3 15237 103 49 11
mv 3 15233 90 46 11
mv 3 15220 57 77 11
mv 3 15200 28 35 11
mv 3 15198 24 31 11
mv 3 15193 133 35 11
mv 3 15192 130 76 11
mv 3 15182 97 43 11
mv 3 15181 93 51 11
mv 3 15170 56 37 11
mv 3 15169 55 83 11
mv 3 15167 44 73 11
mv 3 15165 43 48 11
mv 3 15160 32 29 11
pst 2 172157 0 64 100 10614 11944 0 0 0
pst 2 172159 1 79 100 35505 26643 0 0 0
mv 3 15264 132 66 9
mv 3 15263 123 68 9
mv 3 15240 124 60 11
mv 3 15235 98 49 11
mv 3 15231 84 33 11
mv 3 15222 60 36 11
mv 3 15221 61 80 11
mv 3 15213 49 67 11
mv 3 15211 44 27 11
mv 3 15205 35 54 11
mv 3 15203 28 15 11
mv 3 15197 15 25 11
mv 3 15188 122 59 11
mv 3 15175 51 69 16
ncif 3 15175
mv 3 15260 90 29 9
mv 3 15258 59 35 13
mv 3 15249 137 37 11
mv 3 15242 126 69 11
mv 3 15214 52 76 11
mv 3 15212 44 63 11
mv 3 15157 30 22 11
mv 2 15267 103 7 4
mv 3 15251 29 28 9
mv 3 15247 136 66 11
mv 3 15244 132 29 11
mv 3 15239 116 17 11
mv 3 15229 106 55 16
mv 3 15218 55 32 11
mv 3 15208 40 27 11
mv 3 15196 15 29 11
mv 3 15186 123 12 11
mv 3 15185 113 20 11
mv 3 15171 55 44 11
mv 3 15162 40 58 11
stat 20235 22260 24467 24467 0 75040
st 3 15175 90 0 100 100 79926 11575
mv 3 15257 52 37 9
mv 3 15243 131 45 11
mv 3 15230 85 80 11
mv 3 15227 69 50 11
mv 3 15217 55 44 11
mv 3 15216 53 37 11
mv 3 15210 39 60 11
mv 3 15209 40 54 11
mv 3 15202 25 22 11
mv 3 15184 105 44 11
mv 3 15183 104 53 11
mv 3 15176 75 76 11
mv 3 15168 54 68 11
mv 3 15161 35 73 11
mv 3 15259 77 80 9
mv 3 15248 135 30 11
mv 3 15233 89 47 11
mv 3 15219 56 40 11
mv 3 15193 132 33 11
mv 3 15182 96 43 11
mv 3 15181 93 49 11
mv 3 15166 44 24 11
mv 3 15165 42 49 11
pst 2 172157 0 64 100 10698 11944 0 0 0
pst 2 172159 1 79 100 35589 26643 0 0 0
mv 3 15264 130 65 9
mv 3 15253 41 46 9
mv 3 15236 100 49 11
mv 3 15235 97 48 11
mv 3 15223 69 82 11
mv 3 15205 34 55 11
mv 3 15175 43 79 16
mv 3 15154 112 26 11
ncif 3 15175
mv 3 15266 137 68 9
mv 3 15265 134 39 9
mv 3 15262 102 53 9
mv 3 15260 92 31 9
mv 3 15258 60 37 9
mv 3 15249 136 35 11
mv 3 15242 126 70 11
mv 3 15232 89 30 11
mv 3 15214 50 78 11
mv 3 15212 45 62 11
mv 3 15206 37 20 11
mv 3 15157 29 22 11
mv 3 15155 18 22 11
mv 2 15267 102 7 4
mv 3 15251 29 29 9
mv 3 15247 138 65 11
mv 3 15244 133 28 11
mv 3 15239 117 16 11
mv 3 15229 100 53 16
mv 3 15226 70 38 11
mv 3 15218 53 32 11
mv 3 15204 35 50 11
mv 3 15191 128 50 11
mv 3 15179 90 79 11
eff 2 172159 3007
st 3 15175 90 0 100 100 79926 11575
mv 3 15257 50 36 9
mv 3 15254 44 58 9
mv 3 15241 126 78 11
mv 3 15230 84 79 11
mv 3 15228 82 82 11
mv 3 15227 70 48 11
mv 3 15217 53 45 11
mv 3 15216 53 39 11
mv 3 15210 41 62 11
mv 3 15209 39 54 11
mv 3 15202 27 24 11
mv 3 15184 103 43 11
mv 3 15183 104 51 11
mv 3 15176 75 77 11
mv 3 15174 21 12 11
mv 3 15168 54 69 11
mv 3 15158 31 42 11
mv 3 15255 52 63 9
mv 3 15250 18 30 9
mv 3 15248 136 28 11
mv 3 15238 108 40 11
mv 3 15220 55 77 11
mv 3 15215 52 58 11
mv 3 15207 38 20 11
mv 3 15200 27 37 11
mv 3 15199 24 43 11
mv 3 15192 129 76 11
mv 3 15181 91 51 11
mv 3 15177 74 82 11
mv 3 15172 58 55 11
mv 3 15170 58 35 11
mv 3 15166 45 23 11
mv 3 15165 44 48 11
pst 2 172157 0 64 100 10698 11944 0 0 0
pst 2 172159 1 79 100 35589 26643 0 0 0
mv 3 15264 132 64 9
mv 3 15263 121 67 9
mv 3 15253 42 47 9
mv 3 15240 126 58 11
mv 3 15236 101 51 11
mv 3 15235 96 48 11
mv 3 15231 83 33 11
mv 3 15223 69 84 11
mv 3 15222 61 35 11
mv 3 15213 50 69 11
mv 3 15211 42 29 11
mv 3 15205 36 54 11
mv 3 15197 17 23 11
mv 3 15190 130 42 11
mv 3 15188 121 59 11
mv 3 15175 41 77 11
mv 3 15156 23 37 11
mv 3 15154 114 24 11
mv 3 15266 137 70 9
mv 3 15265 132 39 9
mv 3 15262 102 54 9
mv 3 15258 62 39 9
mv 3 15242 128 72 11
mv 3 15232 88 31 11
mv 3 15206 39 22 11
mv 3 15178 83 38 11
mv 3 15155 19 23 11
mv 2 15267 101 6 4
mv 3 15229 94 52 16
mv 3 15226 70 39 11
mv 3 15218 55 33 11
mv 3 15208 41 25 11
mv 3 15204 33 49 11
mv 3 15196 13 28 11
mv 3 15194 135 75 11
mv 3 15191 129 52 11
mv 3 15179 90 77 11
mv 3 15162 38 56 11
stat 20319 22260 24467 24467 0 75040
stat 20319 22260 24467 24467 0 75040
mv 3 15254 46 56 9
mv 3 15243 132 46 11
mv 3 15241 124 79 11
mv 3 15230 84 77 11
mv 3 15227 71 48 11
mv 3 15217 55 45 11
mv 3 15184 104 43 11
mv 3 15183 102 51 11
mv 3 15176 74 75 11
mv 3 15168 54 68 11
mv 3 15161 37 75 11
mv 3 15259 76 81 9
mv 3 15245 132 71 11
mv 3 15238 106 39 11
mv 3 15233 90 46 11
mv 3 15220 56 79 11
mv 3 15172 59 54 11
mv 3 15170 57 37 11
mv 3 15169 54 83 11
mv 3 15165 43 47 11
mv 3 15160 33 31 11
pst 2 172157 0 65 100 10782 11944 0 0 0
pst 2 172159 1 79 100 35673 26643 0 0 0
mv 3 15263 123 68 9
mv 3 15240 126 60 11
mv 3 15236 99 49 11
mv 3 15235 98 50 11
mv 3 15231 82 34 11
mv 3 15225 108 51 11
mv 3 15223 67 83 11
mv 3 15222 61 33 11
mv 3 15221 61 81 11
mv 3 15213 49 67 11
mv 3 15203 28 14 11
mv 3 15201 25 47 11
mv 3 15197 15 24 11
mv 3 15190 131 40 11
mv 3 15188 122 61 11
mv 3 15175 43 73 11
mv 3 15156 24 39 11
mv 3 15154 112 24 11
mv 3 15262 103 53 9
eff 3 15258 5000
mv 3 15249 135 36 11
mv 3 15242 126 71 11
mv 3 15232 89 29 11
mv 3 15212 46 63 11
mv 3 15178 82 37 11
mv 3 15157 27 22 11
mv 3 15155 17 22 11
mv 2 15267 102 6 4
mv 3 15258 53 34 13
mv 3 15252 31 53 9
mv 3 15251 28 27 9
mv 3 15244 131 30 11
mv 3 15229 93 49 11
eff 3 15226 5000
mv 3 15196 13 30 11
mv 3 15171 57 44 11
mv 3 15162 39 55 11
mv 3 15257 55 37 13
mv 3 15254 45 58 9
mv 3 15243 130 46 11
mv 3 15230 83 78 11
mv 3 15228 80 81 11
eff 3 15227 5000
mv 3 15217 54 47 11
mv 3 15216 52 37 11
mv 3 15209 40 52 11
mv 3 15202 29 23 11
mv 3 15189 131 68 11
mv 3 15174 19 11 11
mv 3 15159 33 62 11
mv 3 15158 33 44 11
mv 3 15255 54 61 9
mv 3 15250 17 29 9
mv 3 15248 137 30 11
mv 3 15246 130 78 11
mv 3 15233 90 45 11
mv 3 15227 72 49 11
mv 3 15220 56 77 11
mv 3 15219 55 42 11
mv 3 15199 23 43 11
mv 3 15198 22 29 11
mv 3 15193 134 32 11
mv 3 15192 129 75 11
mv 3 15182 97 45 11
mv 3 15181 92 49 11
mv 3 15180 89 23 11
mv 3 15172 58 55 11
mv 3 15170 55 37 11
mv 3 15167 46 75 11
mv 3 15166 46 24 11
mv 3 15165 44 49 11
pst 2 172157 0 65 100 10782 11944 0 0 0
pst 2 172159 1 79 100 35673 26643 0 0 0
mv 3 15264 133 65 9
mv 3 15253 40 46 9
mv 3 15236 97 51 11
mv 3 15223 68 84 11
mv 3 15221 60 79 11
mv 3 15213 50 67 11
mv 3 15211 40 28 11
mv 3 15203 29 15 11
mv 3 15201 26 48 11
mv 3 15195 138 68 11
mv 3 15190 130 41 11
mv 3 15154 113 23 11
mv 3 15265 132 37 9
mv 3 15262 101 52 9
mv 3 15260 92 29 9
mv 3 15242 124 69 11
mv 3 15178 84 38 11
mv 3 15157 29 20 11
mv 3 15155 19 23 11
mv 3 15258 55 34 9
mv 3 15252 30 51 9
mv 3 15247 136 66 11
mv 3 15229 89 47 11
mv 3 15218 55 34 11
mv 3 15208 39 25 11
mv 3 15204 35 51 11
mv 3 15196 14 32 11
mv 3 15191 129 50 11
mv 3 15185 115 21 11
mv 3 15179 88 79 11
mv 3 15171 55 43 11
stat 20403 22260 24467 24467 0 75040
mv 3 15257 59 39 13
mv 3 15254 43 57 9
mv 3 15243 132 46 11
mv 3 15241 125 80 11
mv 3 15228 82 82 11
mv 3 15216 51 35 11
mv 3 15210 39 61 11
mv 3 15209 40 53 11
mv 3 15189 129 68 11
mv 3 15184 103 44 11
mv 3 15183 103 51 11
mv 3 15174 20 10 11
mv 3 15168 54 66 11
mv 3 15161 38 74 11
mv 3 15255 54 62 9
mv 3 15248 137 29 11
mv 3 15246 131 79 11
mv 3 15245 131 69 11
mv 3 15238 106 38 11
mv 3 15233 90 44 11
mv 3 15220 55 79 11
mv 3 15207 40 22 11
mv 3 15200 27 35 11
mv 3 15199 25 41 11
mv 3 15198 24 31 11
mv 3 15192 129 73 11
mv 3 15181 91 49 11
mv 3 15180 89 24 11
mv 3 15170 55 38 11
mv 3 15169 52 82 11
mv 3 15167 47 73 11
mv 3 15165 43 48 11
mv 3 15160 34 31 11
pst 2 172157 0 65 100 10866 11944 0 0 0
pst 2 172159 1 79 100 35757 26643 0 0 0
mv 3 15253 42 46 9
mv 3 15240 125 60 11
mv 3 15236 98 50 11
mv 3 15231 82 35 11
mv 3 15225 110 50 11
mv 3 15223 67 82 11
mv 3 15221 61 79 11
mv 3 15213 50 69 11
mv 3 15205 38 55 11
mv 3 15203 28 16 11
mv 3 15201 27 48 11
mv 3 15197 14 23 11
mv 3 15195 139 70 11
mv 3 15190 129 41 11
mv 3 15175 44 70 11
mv 3 15156 23 38 11
mv 3 15266 135 71 9
mv 3 15265 134 39 9
mv 3 15260 91 31 9
mv 3 15242 125 69 11
mv 3 15232 88 31 11
mv 2 15267 104 7 4
mv 3 15261 100 45 9
mv 3 15258 59 37 13
mv 3 15252 29 50 9
mv 3 15244 133 30 11
mv 3 15239 115 15 11
mv 3 15229 84 47 11
mv 3 15218 57 33 11
mv 3 15196 15 31 11
mv 3 15194 135 74 11
mv 3 15186 121 13 11
mv 3 15185 116 21 11
mv 3 15162 39 57 11
mv 3 15257 60 38 9
mv 3 15254 43 56 9
mv 3 15243 130 45 11
mv 3 15230 84 79 11
mv 3 15228 81 83 11
mv 3 15226 70 40 11
mv 3 15216 53 35 11
mv 3 15209 41 53 11
mv 3 15176 73 76 11
mv 3 15168 53 67 11
mv 3 15161 36 75 11
mv 3 15158 35 44 11
mv 3 15259 75 79 9
mv 3 15248 135 28 11
mv 3 15245 131 70 11
mv 3 15237 102 48 11
mv 3 15220 56 78 11
mv 3 15200 26 35 11
mv 3 15199 24 40 11
mv 3 15198 22 31 11
mv 3 15193 136 31 11
mv 3 15182 96 45 11
mv 3 15181 93 51 11
mv 3 15180 88 25 11
mv 3 15177 73 81 11
mv 3 15172 57 53 11
mv 3 15170 57 36 11
mv 3 15166 45 24 11
pst 2 172157 0 65 100 10866 11944 0 0 0
pst 2 172159 1 79 100 35757 26643 0 0 0
mv 3 15264 131 64 9
mv 3 15253 42 48 9
mv 3 15236 99 48 11
mv 3 15235 97 48 11
mv 3 15222 60 35 11
mv 3 15221 59 80 11
mv 3 15213 52 67 11
mv 3 15211 41 29 11
mv 3 15203 29 15 11
mv 3 15201 25 47 11
mv 3 15195 141 70 11
mv 3 15190 131 39 11
mv 3 15188 123 60 11
mv 3 15175 47 68 11
mv 3 15156 23 37 11
mv 3 15266 135 69 9
mv 3 15265 132 39 9
mv 3 15262 100 53 9
mv 3 15260 91 33 9
mv 3 15232 88 32 11
mv 3 15212 45 64 11
mv 3 15206 38 21 11
mv 3 15178 86 37 11
mv 3 15157 28 21 11
mv 2 15267 102 7 4
mv 3 15261 99 44 9
mv 3 15258 63 39 13
mv 3 15251 27 29 9
mv 3 15218 55 33 11
mv 3 15208 40 27 11
mv 3 15204 37 51 11
mv 3 15194 136 75 11
mv 3 15186 120 12 11
eff 2 172159 3007
stat 20487 22260 24467 24467 0 75040
stat 20487 22260 24467 24467 0 75040
mv 3 15257 60 36 9
mv 3 15254 44 57 9
mv 3 15230 83 77 11
mv 3 15228 79 81 11
mv 3 15217 52 46 11
mv 3 15216 52 35 11
mv 3 15210 41 60 11
mv 3 15189 127 67 11
mv 3 15183 102 53 11
mv 3 15174 18 10 11
mv 3 15168 53 68 11
mv 3 15259 77 78 9
mv 3 15255 52 60 9
mv 3 15248 137 30 11
mv 3 15245 131 72 11
mv 3 15237 104 49 11
mv 3 15233 89 45 11
mv 3 15220 56 80 11
mv 3 15215 53 60 11
mv 3 15207 39 21 11
mv 3 15200 25 36 11
mv 3 15199 25 42 11
mv 3 15198 23 29 11
mv 3 15182 95 46 11
mv 3 15177 72 82 11
mv 3 15167 48 75 11
mv 3 15160 36 31 11
pst 2 172157 0 66 100 10950 11944 0 0 0
pst 2 172159 1 79 100 35841 26643 0 0 0
mv 3 15240 125 61 11
mv 3 15231 83 37 11
mv 3 15223 68 80 11
mv 3 15222 58 36 11
mv 3 15221 58 82 11
mv 3 15213 51 69 11
mv 3 15205 38 54 11
mv 3 15203 28 14 11
mv 3 15197 15 25 11
mv 3 15190 131 40 11
mv 3 15188 121 62 11
mv 3 15154 114 22 11
