select 0
OK
game_start
lbs 0
tit Mago 
fd 7197789 0 100 1
fd 7197789 27 100 1
c_close 1
equip 77 87 0.4965.7.7.0.3 1.4950.7.8.0.0 2.4975.0.0.0.0 3.380.0.5.0.0 4.388.0.5.0.0 5.4962.7.4.0.0 6.4835.0.0.0.0 7.4836.0.0.0.0 8.4837.0.0.0.0 9.4846.0.0.0.0 10.4129.0.0.0.0 11.4504.0.0.0.0 12.4502.0.13.21.0 13.8206.0.0.0.0 14.4365.0.0.0.0 15.4373.0.0.0.0 16.4443.0.0.0.0
lev 99 0 80 1085 2140719000 790000 7197789 4 8949636 40 15684900 0
stat 21156 22260 24467 24467 0 74784
ski 260 261 260 261 262 263 265 266 267 268 270 271 272 273 274 275 277 237 695|3 21 26 30 38 42 46 50 53 58 60 90 94 96 97 98 99 100 111 112 103 104 105 370 371 372 374 376 380 381 382 383 284 285 287 288 289 290 291 294
cond 1 538316 0 0 12
at 538316 2644 6 57 2 0 119 1 -1
c_map 0 2645 1
sc 2 7 1154 1267 143 0 0 1 4 1067 1163 972 13 210 8 641 788 748 778 803 20 140 20 20
cond 1 538316 0 0 12
pairy 1 538316 4 1 85 40
rsfi 7 1 10 10 10 10
rage 0 250000
rank_cool 0 0 18000
sp 908834 1000000 7401 10000
scr 24 2 31 0 0 0 0
bn 0 El^equipo^de^Nostale^nunca^te^pedirá^la^contraseña
bn 1 Soporte^de^Nostale:^http://support.nostale.org
bn 2 Visita^nuestro^foro:^http://board.nostale.org
bn 3 Desde^el^foro^tendrás^un^acceso^al^irc
bn 4 ¿Quieres^ser^GM?Revisa^el^foro^para^más^información
bn 5 No^visites^páginas^de^usuarios^ofreciendo^Nos$
bn 6 ¿Asuntos^de^pago?^Visita^https://billing.gameforge.com/
bn 7 Reglas^del^juego:^Visita^el^foro^>^Noticias
bn 8 Los^jugadores^que^compren^oro^serán^baneados
bn 9 El^equipo^de^Nostale^nunca^te^pedirá^la^contraseña
evtb 0 0 0 0 0 0 1 1 1 1 0 0
exts 0 120 120 120
mlinfo 3800 2000 100 0 2701 10 0 Melodía^de^primavera LISTEN^TO^THE^STEREO!!^TONIGHT!^TONIGHT!^TONIGHT!
cond 2 206078 0 0 8
cond 2 206078 0 0 8
cond 2 206077 0 0 10
cond 2 206077 0 0 10
cond 2 206076 0 0 10
cond 2 206076 0 0 10
cond 2 206075 0 0 8
cond 2 206075 0 0 8
cond 2 206074 0 0 8
cond 2 206074 0 0 8
cond 2 206073 0 0 11
cond 2 206073 0 0 11
cond 2 206072 0 0 10
cond 2 206072 0 0 10
cond 2 206071 0 0 6
cond 2 206071 0 0 6
cond 2 206070 0 0 11
cond 2 206070 0 0 11
cond 2 206070 0 0 11
cond 2 206070 0 0 11
sc_n 3 2618 206070 94 1000 226692506 990.5.4 997.6.4 4038.0.6 4043.0.6 0 0 0 4 819 899 617 12 200 4 599 571 473 571 334 2 0 0 0 0 30570 30570 3503 3503 1 291503800 Ragnar 2703 1 4818.100 1292.5 1293.6 1294.7
sc_n 3 2618 206070 94 1000 226692506 990.5.4 997.6.4 4038.0.6 4043.0.6 0 0 0 4 819 899 617 12 200 4 599 571 473 571 334 2 5 5 5 5 26570 26570 3503 3503 1 291503800 Ragnar 2703 1 4818.100 1292.5 1293.6 1294.7
cond 2 206070 0 0 11
sc_n 3 2618 206070 94 1000 226692506 990.5.4 997.6.4 4038.0.6 4043.0.6 0 0 0 4 819 899 617 12 200 4 599 571 473 571 334 2 0 0 0 0 26570 30570 3503 3503 1 291503800 Ragnar 2703 1 4818.100 1292.5 1293.6 1294.7
sc_n 3 2618 206070 94 1000 226692506 990.5.4 997.6.4 4038.0.6 4043.0.6 0 0 0 4 819 899 617 12 200 4 599 571 473 571 334 2 33 47 33 47 26570 26570 3503 3503 1 291503800 Ragnar 2703 1 4818.100 1292.5 1293.6 1294.7
cond 2 206070 0 0 11
sc_n 3 2618 206070 94 1000 226692506 990.5.4 997.6.4 4038.0.6 4043.0.6 0 0 0 4 819 899 617 12 200 4 599 571 473 571 334 2 0 0 0 0 26570 30570 3503 3503 1 291503800 Ragnar 2703 1 4818.100 1292.5 1293.6 1294.7
sc_n 3 2618 206070 94 1000 226692506 990.5.4 997.6.4 4038.0.6 4043.0.6 0 0 0 4 819 899 617 12 200 4 599 571 473 571 334 2 61 89 61 89 26570 26570 3503 3503 1 291503800 Ragnar 2703 1 4818.100 1292.5 1293.6 1294.7
cond 2 206070 0 0 11
sc_n 3 2618 206070 94 1000 226692506 990.5.4 997.6.4 4038.0.6 4043.0.6 0 0 0 4 819 899 617 12 200 4 599 571 473 571 334 2 0 0 0 0 26570 30570 3503 3503 1 291503800 Ragnar 2703 1 4818.100 1292.5 1293.6 1294.7
cond 2 206069 0 0 9
cond 2 206069 0 0 9
cond 2 206068 0 0 11
cond 2 206068 0 0 11
cond 2 206067 0 0 10
cond 2 206067 0 0 10
cond 2 206066 0 0 10
cond 2 206066 0 0 10
cond 2 206065 0 0 10
cond 2 206065 0 0 10
cond 2 206064 0 0 13
cond 2 206064 0 0 13
cond 2 206063 0 0 13
cond 2 206063 0 0 13
cond 2 206062 0 0 10
cond 2 206062 0 0 10
cond 2 206061 0 0 10
cond 2 206061 0 0 10
cond 2 206060 0 0 10
cond 2 206060 0 0 10
cond 2 206059 0 0 6
cond 2 206059 0 0 6
cond 2 206058 0 0 10
cond 2 206058 0 0 10
cond 2 206057 0 0 12
cond 2 206057 0 0 12
cond 2 206056 0 0 11
cond 2 206056 0 0 11
cond 2 206056 0 0 11
cond 2 206056 0 0 11
cond 2 206055 0 0 11
cond 2 206055 0 0 11
cond 2 206054 0 0 9
cond 2 206054 0 0 9
cond 2 206053 0 0 9
cond 2 206053 0 0 9
cond 2 206052 0 0 9
cond 2 206052 0 0 9
cond 2 206051 0 0 10
cond 2 206051 0 0 10
cond 2 206050 0 0 10
cond 2 206050 0 0 10
cond 2 206049 0 0 11
cond 2 206049 0 0 11
cond 2 206049 0 0 11
cond 2 206049 0 0 11
sc_n 2 319 206049 94 1000 1 -1 997.5.2 -1 -1 0 0 0 0 242 242 140 0 0 2 594 573 456 573 367 0 0 0 0 0 34861 34861 10244 10244 0 291503800 Kliff 1102 1 -1 -1 -1 -1
cond 2 206048 0 0 12
cond 2 206048 0 0 12
cond 2 206047 0 0 11
cond 2 206047 0 0 11
cond 2 206047 0 0 11
sc_n 1 2640 206047 94 1000 242950 991.7.5 996.2.4 -1 -1 0 0 1 5 871 931 921 13 200 0 84 223 111 223 98 1 0 0 0 0 15310 15310 10544 11944 0 291503800 Jennifer -1 1 4812.100 1318.2 1319.4 1320.7
sc_n 1 2640 206047 94 1000 242950 991.7.5 996.2.4 -1 -1 0 0 1 5 871 931 921 13 200 4 289 619 344 619 299 1 0 0 0 0 15310 15310 10544 10544 0 291503800 Jennifer -1 1 4812.100 1318.2 1319.4 1320.7
cond 2 206047 0 0 11
sc_n 1 2640 206047 94 1000 242950 991.7.5 996.2.4 -1 -1 0 0 1 5 871 931 921 13 200 0 84 223 111 223 98 1 0 0 0 0 15310 15310 10544 11944 0 291503800 Jennifer -1 1 4812.100 1318.2 1319.4 1320.7
sc_n 1 2640 206047 94 1000 242950 991.7.5 996.2.4 -1 -1 0 0 1 5 871 931 921 13 200 4 320 772 396 772 375 1 0 0 0 0 15310 16510 10544 11944 0 291503800 Jennifer -1 1 4812.100 1318.2 1319.4 1320.7
sc_n 1 2640 206047 94 1000 242950 991.7.5 996.2.4 -1 -1 0 0 1 5 871 931 921 13 200 4 320 772 396 772 375 1 0 0 0 0 15310 16510 10544 10544 0 291503800 Jennifer -1 1 4812.100 1318.2 1319.4 1320.7
sc_n 1 2640 206047 94 1000 242950 991.7.5 996.2.4 -1 -1 0 0 1 5 871 931 921 13 200 4 320 692 396 692 375 1 0 0 0 0 15310 15310 10544 10544 0 291503800 Jennifer -1 1 4812.100 1318.2 1319.4 1320.7
cond 2 206047 0 0 11
sc_n 1 2640 206047 94 1000 242950 991.7.5 996.2.4 -1 -1 0 0 1 5 871 931 921 13 200 0 84 223 111 223 98 1 0 0 0 0 15310 15310 10544 11944 0 291503800 Jennifer -1 1 4812.100 1318.2 1319.4 1320.7
sc_n 1 2640 206047 94 1000 242950 991.7.5 996.2.4 -1 -1 0 0 1 5 871 931 921 13 200 4 320 772 396 772 375 1 0 0 0 0 15310 16510 10544 11944 0 291503800 Jennifer -1 1 4812.100 1318.2 1319.4 1320.7
cond 2 206046 0 0 13
cond 2 206046 0 0 13
cond 2 206045 0 0 12
cond 2 206045 0 0 12
cond 2 206045 0 0 12
sc_n 0 2620 206045 94 1000 5780688 992.3.0 995.6.10 -1 -1 0 0 2 0 683 773 70 0 0 0 65 177 88 177 107 2 0 0 0 0 9401 9401 12447 17447 0 291503800 Erdimien 2704 1 4810.100 1315.4 1316.1 1317.6
sc_n 0 2620 206045 94 1000 5780688 992.3.0 995.6.10 -1 -1 0 0 2 0 683 773 70 0 0 10 270 573 321 573 308 2 0 0 0 0 9401 9401 12447 12447 0 291503800 Erdimien 2704 1 4810.100 1315.4 1316.1 1317.6
cond 2 206045 0 0 12
sc_n 0 2620 206045 94 1000 5780688 992.3.0 995.6.10 -1 -1 0 0 2 0 683 773 70 0 0 0 65 177 88 177 107 2 0 0 0 0 9401 9401 12447 17447 0 291503800 Erdimien 2704 1 4810.100 1315.4 1316.1 1317.6
sc_n 0 2620 206045 94 1000 5780688 992.3.0 995.6.10 -1 -1 0 0 2 0 683 773 70 0 0 10 250 481 302 481 373 2 0 0 0 0 9401 13401 12447 17447 0 291503800 Erdimien 2704 1 4810.100 1315.4 1316.1 1317.6
sc_n 0 2620 206045 94 1000 5780688 992.3.0 995.6.10 -1 -1 0 0 2 0 683 773 70 0 0 10 250 481 302 481 373 2 2 2 2 2 9401 13401 12447 12447 0 291503800 Erdimien 2704 1 4810.100 1315.4 1316.1 1317.6
sc_n 0 2620 206045 94 1000 5780688 992.3.0 995.6.10 -1 -1 0 0 2 0 683 773 70 0 0 10 250 481 302 481 373 2 2 2 2 2 9401 9401 12447 12447 0 291503800 Erdimien 2704 1 4810.100 1315.4 1316.1 1317.6
cond 2 206045 0 0 12
sc_n 0 2620 206045 94 1000 5780688 992.3.0 995.6.10 -1 -1 0 0 2 0 683 773 70 0 0 0 65 177 88 177 107 2 0 0 0 0 9401 9401 12447 17447 0 291503800 Erdimien 2704 1 4810.100 1315.4 1316.1 1317.6
sc_n 0 2620 206045 94 1000 5780688 992.3.0 995.6.10 -1 -1 0 0 2 0 683 773 70 0 0 10 250 481 302 481 373 2 0 0 0 0 9401 13401 12447 17447 0 291503800 Erdimien 2704 1 4810.100 1315.4 1316.1 1317.6
p_clear
sc_p 8 158 206078 12 1000 148 2 0 132 232 70 2 70 0 50 89 50 89 51 1 80 -30 40 10 751 751 402 402 0 2457 0 Ardilla^fumigadora 0
sc_p 27 448 206077 1 1000 0 0 0 42 45 32 14 90 0 48 41 37 41 23 0 5 10 2 15 156 156 10 10 0 15 0 Hada^graslin 0
sc_p 14 156 206076 23 1000 4900 0 0 170 224 162 4 70 0 88 166 93 166 73 3 70 70 70 70 2346 2346 363 363 0 25680 0 Ardilla^marrón 0
sc_p 29 176 206075 1 1000 0 0 0 30 38 30 4 70 0 17 34 19 34 17 2 0 0 0 0 121 121 60 60 0 15 0 Ardilla^Santa 0
sc_p 0 535 206074 24 1000 24840 2 0 136 202 70 14 75 0 86 159 94 159 85 2 -10 8 5 4 865 865 382 382 0 29430 0 Muñeco^de^Nieve 0
sc_p 10 803 206073 2 1000 5 0 0 35 67 35 10 100 0 20 39 22 39 19 3 70 50 70 50 499 499 65 65 0 42 0 Chick^Norris 0
sc_p 18 824 206072 1 1000 0 0 0 70 138 30 6 100 0 27 34 29 34 32 2 4 22 6 6 321 321 60 60 0 15 0 Jelly^saltarín^jove 0
sc_p 2 567 206071 1 1000 0 1 0 41 48 44 10 150 0 18 31 17 31 13 2 5 5 5 5 168 168 24 24 0 15 0 Hada^oval 0
sc_n 3 2618 206070 94 1000 226692506 990.5.4 997.6.4 4038.0.6 4043.0.6 0 0 0 4 819 899 617 12 200 4 599 571 473 571 334 2 61 89 61 89 26570 30570 3503 3503 1 291503800 Ragnar 2703 1 4818.100 1292.5 1293.6 1294.7
sc_p 16 801 206069 2 1000 35 0 0 46 51 37 14 90 0 50 46 40 46 25 3 5 2 10 15 175 175 15 15 0 42 0 Chicky^saltador 0
sc_p 3 2701 206068 94 1000 62984 1 0 562 720 748 8 200 0 313 564 327 564 243 1 10 0 10 10 20838 20838 2040 2040 0 72875950 1 Mecanigato 0
sc_p 17 752 206067 1 1000 0 0 0 40 63 34 2 60 0 25 34 24 34 22 1 55 35 40 40 450 450 60 60 0 15 0 Ardilla^toro 0
sc_p 19 840 206066 1 1000 0 0 0 55 88 40 5 70 0 42 35 54 35 27 2 1 5 3 2 341 341 60 60 0 15 0 Leo,^el^Cobarde 0
sc_p 7 2119 206065 14 1000 168 0 0 143 213 108 10 70 0 70 109 65 109 57 3 20 50 70 40 1361 1361 240 240 0 3720 0 Oveja^amarilla 0
sc_p 26 846 206064 1 1000 0 0 0 130 188 90 5 160 0 17 54 19 54 17 1 80 45 55 60 221 221 60 60 0 15 0 Teo^Terciopié 0
sc_p 11 2683 206063 91 1000 36268 1 0 615 782 814 4 70 0 298 601 334 601 294 3 60 70 80 60 21300 21300 10550 10550 0 55644450 1 Almirante^Ojo^de^Ág 1
sc_p 28 843 206062 1 1000 0 0 0 130 168 90 10 140 0 17 34 19 34 17 2 50 80 60 50 331 331 60 60 0 15 0 Ardilla^vikinga 0
sc_p 24 844 206061 1 1000 0 2 0 140 168 70 0 0 0 17 34 19 34 17 3 60 50 80 50 271 271 60 60 0 15 0 Ardilla^cowboy 0
sc_p 15 824 206060 1 1000 0 0 0 70 138 30 6 100 0 27 34 29 34 32 2 4 22 6 6 321 321 60 60 0 15 0 Jelly^saltarín^jove 0
sc_p 12 581 206059 1 1000 0 2 0 70 155 70 4 70 0 17 34 19 34 17 2 20 60 50 50 261 261 60 60 0 15 0 Ardilla^marinera 0
sc_p 25 614 206058 1 1000 0 2 0 71 157 70 2 70 0 17 34 19 34 17 1 80 50 50 60 221 221 60 60 0 15 0 Ardilla^de^unidad^e 0
sc_p 5 1384 206057 90 1000 7308 2 1 633 795 70 4 70 4 331 479 272 479 309 0 50 40 20 70 35480 35480 12147 12147 0 50142850 1 Ardilla^calabaza 0
sc_n 4 2641 206056 94 1000 1 -1 -1 -1 -1 0 0 1 0 214 214 428 0 0 0 88 214 107 214 88 3 0 0 0 0 16921 16921 8410 8410 0 291503800 Amora^sin^alas -1 0 -1 -1 -1 -1
sc_p 4 828 206055 93 1000 1059040 0 0 633 827 532 12 150 0 354 531 312 531 288 2 60 80 70 60 37936 37936 4582 4582 0 67009700 0 Kagome 0
sc_p 6 830 206054 15 1000 3955 0 0 117 154 104 4 70 2 67 113 65 113 55 3 40 40 40 40 1225 1225 195 195 0 5256 0 Rudi^Rabauke^joven 0
sc_p 20 2106 206053 6 1000 230 0 0 73 97 56 4 70 0 38 65 36 65 34 1 40 40 40 40 470 470 108 108 0 420 0 Pavesa 0
sc_p 1 664 206052 10 1000 91 0 0 97 132 82 10 150 0 43 117 47 117 38 1 50 50 50 50 706 706 128 128 0 1518 0 Conejo^entrañable 0
sc_p 23 824 206051 1 1000 0 0 0 70 138 30 6 100 0 27 34 29 34 32 2 4 22 6 6 321 321 60 60 0 15 0 Jelly^saltarín^jove 0
sc_p 21 3107 206050 93 1000 1 0 0 540 716 560 4 70 0 306 564 322 564 255 3 60 80 70 70 20638 20638 3503 3503 0 67009700 0 Picaña^dócil 0
sc_n 2 319 206049 94 1000 1 -1 997.5.2 -1 -1 0 0 0 0 242 242 140 0 0 2 594 573 456 573 367 0 5 5 5 5 34861 34861 10244 10244 0 291503800 Kliff 1102 1 -1 -1 -1 -1
sc_p 13 670 206048 95 675 31279709 2 0 660 830 70 4 70 6 372 592 337 592 389 2 60 80 70 60 44836 44836 26643 26643 1 78866350 1 Widersito 1
sc_n 1 2640 206047 94 1000 242950 991.7.5 996.2.4 -1 -1 0 0 1 5 871 931 921 13 200 4 320 772 396 772 375 1 0 0 0 0 15310 16510 10544 11944 0 291503800 Jennifer -1 1 4812.100 1318.2 1319.4 1320.7
sc_p 9 769 206046 1 1000 0 0 0 130 150 55 15 180 0 32 35 37 35 13 0 20 20 20 20 350 350 60 60 0 15 0 Ardilla^boxeadora 0
sc_n 0 2620 206045 94 1000 5780688 992.3.0 995.6.10 -1 -1 0 0 2 0 683 773 70 0 0 10 250 481 302 481 373 2 2 2 2 2 9401 13401 12447 17447 0 291503800 Erdimien 2704 1 4810.100 1315.4 1316.1 1317.6
sc_p_stc 3 2
npinfo 0
ctl 2 206070 3
in 2 2618 206070 5 58 2 86 100 0 0 3 538316 1 0 2703 Ragnar 1 3 0 0 0 0 0 0 0 0
cond 2 206070 0 0 11
ski 260 261 260 261 262 263 265 266 267 268 270 271 272 273 274 275 277 237 1473 1474 695|3 21 26 30 38 42 46 50 53 58 60 90 94 96 97 98 99 100 111 112 103 104 105 370 371 372 374 376 380 381 382 383 284 285 287 288 289 290 291 294
qslot 0 0.1.0 0.2.31 0.-1.-1 1.1.13 1.1.12 1.1.15 1.3.12 1.1.10 1.3.11 0.-1.-1 1.1.2 1.1.3 1.1.5 1.1.7 1.1.17 1.1.14 1.1.39 1.1.38 1.1.11 0.1.119 0.-1.-1 0.1.119 0.1.119 0.1.119 0.1.119 0.1.28 0.1.119 0.0.53 0.0.59 1.1.41
qslot 1 0.1.1 0.1.119 0.1.9 7.7.-1 7.7.-1 7.7.-1 7.7.-1 7.7.-1 7.7.-1 7.7.-1 1.1.8 1.1.1 7.7.-1 7.7.-1 7.7.-1 7.7.-1 7.7.-1 7.7.-1 7.7.-1 7.7.-1 7.7.-1 7.7.-1 7.7.-1 7.7.-1 7.7.-1 7.7.-1 7.7.-1 7.7.-1 7.7.-1 7.7.-1
ctl 2 206048 3
in 2 670 206048 5 56 2 100 100 0 0 3 538316 1 0 -1 Widersito 2 -1 0 0 0 0 0 0 0 0
cond 2 206048 0 0 12
sc_p_stc 3 2
npinfo 0
sc_p 13 670 206048 95 675 31279709 2 0 660 830 70 4 70 6 372 592 337 592 389 2 60 80 70 60 44836 44836 26643 26643 1 78866350 1 Widersito 1
petski -1
title 10.1 5.1 9.1 8.1 4.1 7.1 6.1 3.1 2.1 1.1 0.1 11.1 100.5 80.1 73.1 72.3
titinfo 1 538316 9372 9400
zzim
umi 5060.664 5675.-1 5676.-1 5677.-1 5797.-1
ib 1278 1
qstlist 6.6090.0.4.0.10.0.0.10.0.0.0.0.0.0.0 7.6227.0.4.0.15.0.0.15.0.15.0.0.0.0.0 8.7633.0.1.0.1.0.0.1.0.0.0.0.0.0.0 9.6248.0.12.0.0.0.0.0.0.0.0.0.0.0.0 11.7624.0.1.0.1.0.0.0.0.0.0.0.0.0.0 13.6721.0.14.0.1.0.0.0.0.0.0.0.0.0.0
sqst  0 0000000000000000000000000000000000000000000000000000000000000000000000000000000000000000000000000000000000000000000000000000000000000000000000000000000000000000000000000000000000000000000000000000000000000000000000000000000000000000000000000000000000
sqst  1 00000000000000000000000000000000000000000000000000000000000000000000000000000000000000000000000000000000000000000000000000000O0000000000000000000000000000000000000000000000000000000000000000000000000000000000000000000000000000000000000000000000000000
sqst  2 0000000000000000000000000000000000000000000000000000000000000000000000000000000000000000000000000000000000000000000000000000000000000000000000000000000000000000000000000000000000000000000000000000000000000000000000000000000000000000000000000000000000
sqst  3 00000000000000000000000000000000000000000000000000000000000000000000000000000000000U}}t}}V}O}0000000000000000000000X0}060X00O}00000000000000000000000000000000006000000000000000000000000000000000000000000000000000000000000000000000000zW000000000000000
sqst  4 01UX00O}}}}}}}}0000000V}XU}}}}}}}}}}}l00UX000000000000VW000000000000000000000000000U}}z}}}}}}}}}}z}zV}}}l000000000000O}}y}}Z000000000000000000000000000000000000000000000000000000000000000000000000000000000000000000000000000000000000000000000000000000
sqst  5 0000000000000000000000000000000000000000000000000000000000000000000000000000000000000000000000000000000000000000000000000000000000000000000000000000000000000000000000000000000000000000000000000000000000000000000000000000000000000000000000000000000000
sqst  6 0000000000000000000000000000000000000000000000000000000000000000000000000000000000000000000000000000000000000000000000000000000000000000000000000000000000000000000000000000000000000000000000000000000000000000000000000000000000000000000000000000000000
bf 1 538316 0.62.0 99
eq 538316 0 0 3 97 3 4975.4950.4965.4962.4846.4129.8206.4365.4373.4443 77 87 10
act6 
fmi 0|9000|2|0|0 0|9002|2|0|0 0|9003|2|0|0 0|9004|2|0|135 0|9005|2|0|137 0|9006|2|0|244 0|9007|2|0|14 0|9008|2|3|42 0|9009|2|3|9 0|9010|2|0|13 0|9011|2|2|4 0|9012|2|4|4 0|9013|2|4|48 0|9014|2|0|91 0|9015|2|0|45 0|9016|2|0|44 0|9017|2|1|240 1|9018|1|20190403|0 1|9019|1|20190403|0 1|9020|1|20190403|0 1|9021|1|20190403|0 1|9022|1|20190403|0 1|9023|1|20190403|0 1|9024|1|20190403|0 1|9025|1|20190403|0 1|9026|1|20190403|0 1|9027|1|20190611|0 1|9028|1|20190911|0 1|9029|2|0|0 1|9037|1|20190403|0 1|9038|1|20190413|0 1|9039|1|20190611|0 1|9040|2|700|0 1|9042|1|20190703|0 1|9043|1|20190706|0 1|9044|1|20190713|0 1|9045|1|20190807|0 1|9046|2|2793|0 1|9047|1|20190703|0 1|9048|1|20190706|0 1|9049|1|20190713|0 1|9050|1|20190807|0 1|9051|2|1457|0 1|9052|1|20190407|0 1|9053|1|20190508|0 1|9054|2|588|0 1|9055|1|20190405|0 1|9056|1|20190417|0 1|9057|1|20190516|0 1|9058|1|20190922|0 1|9059|2|148|0 1|9060|1|20190405|0 1|9061|1|20190419|0 1|9062|1|20190519|0 1|9063|1|20190822|0 1|9064|2|151|0 1|9065|1|20190403|0 1|9066|1|20190415|0 1|9067|1|20190518|0 1|9068|1|20191007|0 1|9069|2|131|0 1|9070|1|20190403|0 1|9071|1|20190416|0 1|9072|1|20190508|0 1|9073|1|20190811|0 1|9074|2|158|0 0|9075|2|0|239 0|9076|2|0|117 0|9077|2|9|10 0|9078|2|5|205 0|9079|2|1|12
fmp 9695|0 9697|0 9688|0 9681|0 9686|0 9750|0 9740|0 9691|0 9735|0 9745|0
gcon 538316|1|0
gexp 415726|1719283 394409|792367 538316|17126 327663|169799 712452|82822 371984|382324 654329|912116 539788|246370 819684|114529 818429|560161 1040204|51678 352013|40552 732416|6675 193646|104922 520463|97315 805830|256318 72604|562298 57801|7708 638887|79032 62675|70253 60587|24686 668911|41797 158360|7872 557883|19495 710684|60881 256869|139001 546721|195687 751316|4040 365274|320087 123477|43195 495873|165652 239929|22075 807224|196146 92504|60241 462697|5500 409316|117767 583627|26568 593294|26892 597291|46555 892068|2000 723457|11073 416400|14758 105493|271475 691979|166757 52295|163185 433058|3366 758029|10941 818167|12273 806020|214168 660591|98386 1090443|299887 201818|80547 1380|50800 568160|25231 620230|48737 173626|80190 563233|20610 476043|65000 806166|26164 628176|22039 284237|30059 427154|44629 673691|8646 585529|15483 400770|58501 829343|75133 1049723|800 576169|6600 737565|4300 728314|21348 431562|6737 731333|7816 614945|27730 591747|18587 640457|28543 320657|2900 1049026|62103 559954|45645 730749|1233 541837|3000 777909|97348 1099020|5724 466183|32599 704336|54813 737845|48941 551950|25400 670667|77107 315486|1000 456755|7556 410152|19984 822387|38600 742191|0 796786|300 896356|300 838076|900 840311|0 411877|0
fs 2
mv 3 15871 43 24 8
mv 3 15869 35 46 8
mv 3 15853 45 8 10
mv 3 15867 14 18 8
mv 3 15865 53 11 11
mv 3 15859 16 18 11
mv 3 15856 54 40 10
p_clear
sc_p 8 158 206078 12 1000 148 2 0 132 232 70 2 70 0 50 89 50 89 51 1 80 -30 40 10 751 751 402 402 0 2457 0 Ardilla^fumigadora 0
sc_p 27 448 206077 1 1000 0 0 0 42 45 32 14 90 0 48 41 37 41 23 0 5 10 2 15 156 156 10 10 0 15 0 Hada^graslin 0
sc_p 14 156 206076 23 1000 4900 0 0 170 224 162 4 70 0 88 166 93 166 73 3 70 70 70 70 2346 2346 363 363 0 25680 0 Ardilla^marrón 0
sc_p 29 176 206075 1 1000 0 0 0 30 38 30 4 70 0 17 34 19 34 17 2 0 0 0 0 121 121 60 60 0 15 0 Ardilla^Santa 0
sc_p 0 535 206074 24 1000 24840 2 0 136 202 70 14 75 0 86 159 94 159 85 2 -10 8 5 4 865 865 382 382 0 29430 0 Muñeco^de^Nieve 0
sc_p 10 803 206073 2 1000 5 0 0 35 67 35 10 100 0 20 39 22 39 19 3 70 50 70 50 499 499 65 65 0 42 0 Chick^Norris 0
sc_p 18 824 206072 1 1000 0 0 0 70 138 30 6 100 0 27 34 29 34 32 2 4 22 6 6 321 321 60 60 0 15 0 Jelly^saltarín^jove 0
sc_p 2 567 206071 1 1000 0 1 0 41 48 44 10 150 0 18 31 17 31 13 2 5 5 5 5 168 168 24 24 0 15 0 Hada^oval 0
sc_n 3 2618 206070 94 1000 226692506 990.5.4 997.6.4 4038.0.6 4043.0.6 0 0 0 4 819 899 617 12 200 4 599 571 473 571 334 2 61 89 61 89 26570 30570 3503 3503 1 291503800 Ragnar 2703 1 4818.100 1292.5 1293.6 1294.7
sc_p 16 801 206069 2 1000 35 0 0 46 51 37 14 90 0 50 46 40 46 25 3 5 2 10 15 175 175 15 15 0 42 0 Chicky^saltador 0
sc_p 3 2701 206068 94 1000 62984 1 0 562 720 748 8 200 0 313 564 327 564 243 1 10 0 10 10 20838 20838 2040 2040 0 72875950 1 Mecanigato 0
sc_p 17 752 206067 1 1000 0 0 0 40 63 34 2 60 0 25 34 24 34 22 1 55 35 40 40 450 450 60 60 0 15 0 Ardilla^toro 0
sc_p 19 840 206066 1 1000 0 0 0 55 88 40 5 70 0 42 35 54 35 27 2 1 5 3 2 341 341 60 60 0 15 0 Leo,^el^Cobarde 0
sc_p 7 2119 206065 14 1000 168 0 0 143 213 108 10 70 0 70 109 65 109 57 3 20 50 70 40 1361 1361 240 240 0 3720 0 Oveja^amarilla 0
sc_p 26 846 206064 1 1000 0 0 0 130 188 90 5 160 0 17 54 19 54 17 1 80 45 55 60 221 221 60 60 0 15 0 Teo^Terciopié 0
sc_p 11 2683 206063 91 1000 36268 1 0 615 782 814 4 70 0 298 601 334 601 294 3 60 70 80 60 21300 21300 10550 10550 0 55644450 1 Almirante^Ojo^de^Ág 1
sc_p 28 843 206062 1 1000 0 0 0 130 168 90 10 140 0 17 34 19 34 17 2 50 80 60 50 331 331 60 60 0 15 0 Ardilla^vikinga 0
sc_p 24 844 206061 1 1000 0 2 0 140 168 70 0 0 0 17 34 19 34 17 3 60 50 80 50 271 271 60 60 0 15 0 Ardilla^cowboy 0
sc_p 15 824 206060 1 1000 0 0 0 70 138 30 6 100 0 27 34 29 34 32 2 4 22 6 6 321 321 60 60 0 15 0 Jelly^saltarín^jove 0
sc_p 12 581 206059 1 1000 0 2 0 70 155 70 4 70 0 17 34 19 34 17 2 20 60 50 50 261 261 60 60 0 15 0 Ardilla^marinera 0
sc_p 25 614 206058 1 1000 0 2 0 71 157 70 2 70 0 17 34 19 34 17 1 80 50 50 60 221 221 60 60 0 15 0 Ardilla^de^unidad^e 0
sc_p 5 1384 206057 90 1000 7308 2 1 633 795 70 4 70 4 331 479 272 479 309 0 50 40 20 70 35480 35480 12147 12147 0 50142850 1 Ardilla^calabaza 0
sc_n 4 2641 206056 94 1000 1 -1 -1 -1 -1 0 0 1 0 214 214 428 0 0 0 88 214 107 214 88 3 0 0 0 0 16921 16921 8410 8410 0 291503800 Amora^sin^alas -1 0 -1 -1 -1 -1
sc_p 4 828 206055 93 1000 1059040 0 0 633 827 532 12 150 0 354 531 312 531 288 2 60 80 70 60 37936 37936 4582 4582 0 67009700 0 Kagome 0
sc_p 6 830 206054 15 1000 3955 0 0 117 154 104 4 70 2 67 113 65 113 55 3 40 40 40 40 1225 1225 195 195 0 5256 0 Rudi^Rabauke^joven 0
sc_p 20 2106 206053 6 1000 230 0 0 73 97 56 4 70 0 38 65 36 65 34 1 40 40 40 40 470 470 108 108 0 420 0 Pavesa 0
sc_p 1 664 206052 10 1000 91 0 0 97 132 82 10 150 0 43 117 47 117 38 1 50 50 50 50 706 706 128 128 0 1518 0 Conejo^entrañable 0
sc_p 23 824 206051 1 1000 0 0 0 70 138 30 6 100 0 27 34 29 34 32 2 4 22 6 6 321 321 60 60 0 15 0 Jelly^saltarín^jove 0
sc_p 21 3107 206050 93 1000 1 0 0 540 716 560 4 70 0 306 564 322 564 255 3 60 80 70 70 20638 20638 3503 3503 0 67009700 0 Picaña^dócil 0
sc_n 2 319 206049 94 1000 1 -1 997.5.2 -1 -1 0 0 0 0 242 242 140 0 0 2 594 573 456 573 367 0 5 5 5 5 34861 34861 10244 10244 0 291503800 Kliff 1102 1 -1 -1 -1 -1
sc_p 13 670 206048 95 675 31279709 2 0 660 830 70 4 70 6 372 592 337 592 389 2 60 80 70 60 44836 44836 26643 26643 1 78866350 1 Widersito 1
sc_n 1 2640 206047 94 1000 242950 991.7.5 996.2.4 -1 -1 0 0 1 5 871 931 921 13 200 4 320 772 396 772 375 1 0 0 0 0 15310 16510 10544 11944 0 291503800 Jennifer -1 1 4812.100 1318.2 1319.4 1320.7
sc_p 9 769 206046 1 1000 0 0 0 130 150 55 15 180 0 32 35 37 35 13 0 20 20 20 20 350 350 60 60 0 15 0 Ardilla^boxeadora 0
sc_n 0 2620 206045 94 1000 5780688 992.3.0 995.6.10 -1 -1 0 0 2 0 683 773 70 0 0 10 250 481 302 481 373 2 2 2 2 2 9401 13401 12447 17447 0 291503800 Erdimien 2704 1 4810.100 1315.4 1316.1 1317.6
inv 0 0.204.0.0.0.0 1.221.0.0.0.0 2.4441.0.0.0.0 3.4699.0.0.0.0 4.4260.0.0.0.0 5.4268.0.0.0.0 47.8026.0.0.0.0 48.317.0.5.0.0 49.4931.0.6.0.0 50.709.0.6.0.0 51.4956.7.7.0.0 52.4503.0.0.0.0 53.4950.7.0.0.0 54.321.0.5.0.0 55.4933.0.5.0.0 56.4132.0.0.0.0 57.4131.0.0.0.0 58.275.0.0.0.0 59.4950.7.7.0.0
inv 1 0.5743.1 1.5319.1 2.5714.1 3.5332.1 4.5152.1 5.5836.1 6.1247.14 7.5195.3 8.1015.38 9.1242.40 10.1004.43 11.1016.72 12.5763.70 13.5862.20 14.5863.39 15.1429.93 16.1027.498 17.1612.8 18.1246.45 19.1211.3 20.5972.32 21.5977.1 22.5911.11 23.1078.177 24.5959.2 25.1615.33 26.5879.3 27.5769.1 28.1030.12 29.5768.1 30.5785.2 31.5784.2 32.5786.3 33.5854.12 34.1013.187 35.1025.5 36.5755.19 37.1012.449 38.5806.1 39.1010.4 40.1248.5 41.5770.1 42.5853.83 43.1144.14 44.5855.18 45.5215.13 46.1249.10 47.1026.7 48.1285.3 49.1286.49 50.1092.20 51.5119.1 52.1014.27 53.5970.17 54.1900.13 55.1246.998 56.1247.999 57.1241.4 58.1009.11 59.1007.39 60.1617.41 61.1616.56 62.1614.15 63.1611.14 64.1618.24 65.1620.27 66.5821.2 67.1095.2 68.1619.26 69.1613.15 70.5216.13 71.1296.8 72.1093.3 73.5722.1 74.1235.1 75.5881.1 76.5880.1 77.5858.1 78.5929.10 79.5909.1 80.1022.1
inv 2 0.2072.370 1.2070.365 2.2071.512 3.2522.6 4.2523.125 5.2206.42 6.2285.397 7.2029.272 8.2283.35 9.2284.32 10.2308.660 11.2296.371 12.2363.3 13.2077.26 14.2348.3 15.2402.2 16.2472.6 17.2027.97 18.2414.10 19.2398.2 20.2329.93 21.2512.428 22.2361.9 23.2406.49 24.2170.4 25.2365.3 26.2408.82 27.2282.61 28.2028.67 29.2467.7 30.2511.79 31.2327.48 32.2205.2 33.2307.17 34.10048.17 35.2098.9 36.2430.3 37.2018.1 38.2407.9 39.2411.52 40.2027.445 41.2097.270 42.2410.206 43.2451.17 44.2384.3 45.2459.47 46.2465.5 47.2423.5 48.2475.1 49.2027.477 50.2466.37 51.2366.86 52.2511.999 53.2460.108 54.2326.716 55.2196.4 56.2415.25 57.2416.41 58.2417.243 59.2089.481 60.2513.412 61.2329.999 62.2517.3 63.2521.1 64.2519.3 65.2799.15 66.2516.2 67.2515.3 68.2462.1 69.2127.163 70.2027.999 71.2027.999 72.2027.999 73.2027.999 74.2089.999 75.2329.999 76.2089.999 77.2077.999 78.2173.2 79.2207.4 80.2099.1 81.2100.3 82.2129.3 83.2209.3 84.2311.29 85.2212.3 86.2102.3 87.2211.2 88.2101.3 89.2210.1 90.2816.18 91.2803.3 92.2818.1 93.2811.42 94.2208.6 95.2805.21 96.2819.10 97.2814.16 98.2474.1 99.2520.3 100.2349.7
inv 3 0.3205.1 1.3216.1 2.3165.1 3.3114.1 4.3113.1 5.3113.1 6.3113.1 7.3005.1 8.3113.1 9.3000.1 10.3113.1 11.3056.1 12.3056.1 13.3059.1 14.3113.1 15.3193.1 16.3070.1 17.3070.1 18.3231.1 19.3114.1 20.3213.1 21.3218.1 22.3230.1 23.3191.1 24.3199.1 25.3114.1 26.3206.1 27.3196.1 28.3168.1 29.3156.1 30.3182.1 31.3212.1 32.3163.1 33.3203.1 34.3223.1 35.3221.1 36.3200.1 37.3157.1 38.3222.1 39.3230.1 40.3186.1 41.3140.1 42.3185.1 43.3174.1 44.3162.1 45.3181.1 46.3183.1 47.3149.1 48.3168.1 49.3137.1
mlobjlst 0.0.0.0.2.2.0.100.0.0 1.1.2.5.0.0.0.100.0.0 2.0.0.0.0.0.0.100.0.0 3.1.26.15.0.0.0.100.0.0 4.0.0.0.3.0.0.100.0.0 5.1.16.2.3.0.0.100.0.0 6.1.8.2.3.0.0.100.0.0 7.0.0.0.4.2.0.100.0.0 8.1.11.2.3.0.0.100.0.0 9.1.24.6.8.3.0.100.0.0 10.1.2.15.3.0.0.100.0.0 11.1.6.2.0.0.0.100.0.0 12.1.14.2.0.0.0.100.0.0 13.1.6.14.0.0.0.100.0.0 14.1.2.2.3.0.0.100.0.0 15.0.0.0.0.0.0.100.0.0 16.1.24.9.0.0.0.100.0.0 17.1.30.9.0.0.0.100.0.0 18.0.0.0.0.0.0.100.0.0 19.0.0.0.0.0.0.100.0.0 20.0.0.0.0.0.0.100.0.0 21.0.0.0.2.0.0.100.0.0 22.0.0.0.3.0.0.100.0.0 23.0.0.0.2.0.0.100.0.0 24.0.0.0.0.0.0.100.0.0 25.0.0.0.0.0.0.100.0.0 26.1.21.14.2.2.0.100.0.0 27.1.27.9.0.0.0.100.0.0 28.0.0.0.0.0.0.100.0.0 29.0.0.0.2.1.0.100.0.0 30.0.0.0.0.0.0.100.0.0 31.1.2.9.0.0.0.100.0.0 32.0.0.0.0.0.0.100.0.0 33.1.32.14.2.2.0.100.0.0 34.1.31.3.4.2.0.100.0.0 35.0.0.0.0.0.0.100.0.0 36.0.0.0.0.0.0.100.0.0 37.1.18.5.0.0.0.100.0.0 38.0.0.0.0.0.0.100.0.0 39.0.0.0.3.0.0.100.0.0 40.0.0.0.2.1.0.100.0.0 41.0.0.0.0.0.0.100.0.0 42.0.0.0.3.2.0.100.0.0 43.0.0.0.0.0.0.100.0.0 44.0.0.0.0.0.0.100.0.0 45.0.0.0.0.0.0.100.0.0 46.0.0.0.0.0.0.100.0.0 47.0.0.0.0.0.0.100.0.0 48.0.0.0.0.0.0.100.0.0 49.0.0.0.4.2.0.100.0.0
inv 6 0.900.0.13.0 1.905.0.10.33 2.906.0.9.45 3.906.0.0.0 4.907.0.13.0 5.908.0.0.0 6.913.0.10.42 7.914.0.14.63 8.4099.0.13.0 9.4326.0.0.0 10.4326.0.0.0 11.4487.0.12.25 12.4487.0.0.0 13.4487.0.0.0 14.4488.0.0.0 15.4488.0.0.0 16.4488.0.0.0 17.4488.0.0.0 18.4488.0.0.0 19.4488.0.0.0 20.4489.0.0.0 21.4489.0.0.0 22.4489.0.0.0 23.4489.0.0.0 24.4489.0.0.0 25.4491.0.0.0 26.4492.0.0.0 27.4499.0.11.68 28.4502.0.0.0 29.4502.0.0.0 30.4502.0.0.0 31.4802.0.0.0 32.4802.0.0.0 33.4805.0.0.0 34.4805.0.0.0 35.4806.0.0.0 36.4809.0.0.0 37.4810.0.0.0 38.4812.0.0.0 39.4812.0.0.0 40.4813.0.0.0 41.4819.0.0.0 42.8245.0.0.0
inv 7 0.189.0.0.0 1.454.0.0.0 2.454.0.0.0 3.456.0.0.0 4.492.0.0.0 5.976.0.0.0 6.976.0.0.0 7.977.0.0.0 8.982.0.0.0 9.982.0.0.0 10.986.0.168.0 11.986.0.168.0 12.4068.0.0.0 13.4075.0.0.0 14.4075.0.0.0 15.4076.0.0.0 16.4143.0.0.0 17.4147.0.0.0 18.4169.0.0.0 19.4169.0.0.0 20.4179.0.0.0 21.4195.0.0.0 22.4196.0.0.0 23.4242.0.0.0 24.4250.0.168.0 25.4250.0.168.0 26.4254.0.168.0 27.4258.0.0.0 28.4266.0.0.0 29.4367.0.0.0 30.4382.0.0.0 31.8053.0.0.0 32.8054.0.0.0 33.8055.0.0.0 34.8073.0.0.0 35.8074.0.0.0 36.8081.0.0.0 37.8088.0.0.0 38.8088.0.0.0 39.8100.0.0.0 40.8122.0.0.0 41.8122.0.0.0 42.8133.0.0.0 43.8137.0.0.0 44.8138.0.0.0 45.8165.0.0.0 46.8165.0.0.0 47.8165.0.0.0 48.8166.0.0.0 49.8188.0.0.0 50.8188.0.0.0 51.8205.0.0.0 52.8205.0.0.0 53.8207.0.24.0 54.8210.0.0.0 55.8352.0.720.0 56.8362.0.0.0
gold 16609847 0
qslot 0 0.1.0 0.2.31 0.-1.-1 1.1.13 1.1.12 1.1.15 1.3.12 1.1.10 1.3.11 0.-1.-1 1.1.2 1.1.3 1.1.5 1.1.7 1.1.17 1.1.14 1.1.39 1.1.38 1.1.11 0.1.119 0.-1.-1 0.1.119 0.1.119 0.1.119 0.1.119 0.1.28 0.1.119 0.0.53 0.0.59 1.1.41
qslot 1 0.1.1 0.1.119 0.1.9 7.7.-1 7.7.-1 7.7.-1 7.7.-1 7.7.-1 7.7.-1 7.7.-1 1.1.8 1.1.1 7.7.-1 7.7.-1 7.7.-1 7.7.-1 7.7.-1 7.7.-1 7.7.-1 7.7.-1 7.7.-1 7.7.-1 7.7.-1 7.7.-1 7.7.-1 7.7.-1 7.7.-1 7.7.-1 7.7.-1 7.7.-1
pst 2 206070 0 86 100 26570 3503 0 0 0
pst 2 206048 1 100 100 44836 26643 0 0 0
p_clear
sc_p 8 158 206078 12 1000 148 2 0 132 232 70 2 70 0 50 89 50 89 51 1 80 -30 40 10 751 751 402 402 0 2457 0 Ardilla^fumigadora 0
sc_p 27 448 206077 1 1000 0 0 0 42 45 32 14 90 0 48 41 37 41 23 0 5 10 2 15 156 156 10 10 0 15 0 Hada^graslin 0
sc_p 14 156 206076 23 1000 4900 0 0 170 224 162 4 70 0 88 166 93 166 73 3 70 70 70 70 2346 2346 363 363 0 25680 0 Ardilla^marrón 0
sc_p 29 176 206075 1 1000 0 0 0 30 38 30 4 70 0 17 34 19 34 17 2 0 0 0 0 121 121 60 60 0 15 0 Ardilla^Santa 0
sc_p 0 535 206074 24 1000 24840 2 0 136 202 70 14 75 0 86 159 94 159 85 2 -10 8 5 4 865 865 382 382 0 29430 0 Muñeco^de^Nieve 0
sc_p 10 803 206073 2 1000 5 0 0 35 67 35 10 100 0 20 39 22 39 19 3 70 50 70 50 499 499 65 65 0 42 0 Chick^Norris 0
sc_p 18 824 206072 1 1000 0 0 0 70 138 30 6 100 0 27 34 29 34 32 2 4 22 6 6 321 321 60 60 0 15 0 Jelly^saltarín^jove 0
sc_p 2 567 206071 1 1000 0 1 0 41 48 44 10 150 0 18 31 17 31 13 2 5 5 5 5 168 168 24 24 0 15 0 Hada^oval 0
sc_n 3 2618 206070 94 1000 226692506 990.5.4 997.6.4 4038.0.6 4043.0.6 0 0 0 4 819 899 617 12 200 4 599 571 473 571 334 2 61 89 61 89 26570 30570 3503 3503 1 291503800 Ragnar 2703 1 4818.100 1292.5 1293.6 1294.7
sc_p 16 801 206069 2 1000 35 0 0 46 51 37 14 90 0 50 46 40 46 25 3 5 2 10 15 175 175 15 15 0 42 0 Chicky^saltador 0
sc_p 3 2701 206068 94 1000 62984 1 0 562 720 748 8 200 0 313 564 327 564 243 1 10 0 10 10 20838 20838 2040 2040 0 72875950 1 Mecanigato 0
sc_p 17 752 206067 1 1000 0 0 0 40 63 34 2 60 0 25 34 24 34 22 1 55 35 40 40 450 450 60 60 0 15 0 Ardilla^toro 0
sc_p 19 840 206066 1 1000 0 0 0 55 88 40 5 70 0 42 35 54 35 27 2 1 5 3 2 341 341 60 60 0 15 0 Leo,^el^Cobarde 0
sc_p 7 2119 206065 14 1000 168 0 0 143 213 108 10 70 0 70 109 65 109 57 3 20 50 70 40 1361 1361 240 240 0 3720 0 Oveja^amarilla 0
sc_p 26 846 206064 1 1000 0 0 0 130 188 90 5 160 0 17 54 19 54 17 1 80 45 55 60 221 221 60 60 0 15 0 Teo^Terciopié 0
sc_p 11 2683 206063 91 1000 36268 1 0 615 782 814 4 70 0 298 601 334 601 294 3 60 70 80 60 21300 21300 10550 10550 0 55644450 1 Almirante^Ojo^de^Ág 1
sc_p 28 843 206062 1 1000 0 0 0 130 168 90 10 140 0 17 34 19 34 17 2 50 80 60 50 331 331 60 60 0 15 0 Ardilla^vikinga 0
sc_p 24 844 206061 1 1000 0 2 0 140 168 70 0 0 0 17 34 19 34 17 3 60 50 80 50 271 271 60 60 0 15 0 Ardilla^cowboy 0
sc_p 15 824 206060 1 1000 0 0 0 70 138 30 6 100 0 27 34 29 34 32 2 4 22 6 6 321 321 60 60 0 15 0 Jelly^saltarín^jove 0
sc_p 12 581 206059 1 1000 0 2 0 70 155 70 4 70 0 17 34 19 34 17 2 20 60 50 50 261 261 60 60 0 15 0 Ardilla^marinera 0
sc_p 25 614 206058 1 1000 0 2 0 71 157 70 2 70 0 17 34 19 34 17 1 80 50 50 60 221 221 60 60 0 15 0 Ardilla^de^unidad^e 0
sc_p 5 1384 206057 90 1000 7308 2 1 633 795 70 4 70 4 331 479 272 479 309 0 50 40 20 70 35480 35480 12147 12147 0 50142850 1 Ardilla^calabaza 0
sc_n 4 2641 206056 94 1000 1 -1 -1 -1 -1 0 0 1 0 214 214 428 0 0 0 88 214 107 214 88 3 0 0 0 0 16921 16921 8410 8410 0 291503800 Amora^sin^alas -1 0 -1 -1 -1 -1
sc_p 4 828 206055 93 1000 1059040 0 0 633 827 532 12 150 0 354 531 312 531 288 2 60 80 70 60 37936 37936 4582 4582 0 67009700 0 Kagome 0
sc_p 6 830 206054 15 1000 3955 0 0 117 154 104 4 70 2 67 113 65 113 55 3 40 40 40 40 1225 1225 195 195 0 5256 0 Rudi^Rabauke^joven 0
sc_p 20 2106 206053 6 1000 230 0 0 73 97 56 4 70 0 38 65 36 65 34 1 40 40 40 40 470 470 108 108 0 420 0 Pavesa 0
sc_p 1 664 206052 10 1000 91 0 0 97 132 82 10 150 0 43 117 47 117 38 1 50 50 50 50 706 706 128 128 0 1518 0 Conejo^entrañable 0
sc_p 23 824 206051 1 1000 0 0 0 70 138 30 6 100 0 27 34 29 34 32 2 4 22 6 6 321 321 60 60 0 15 0 Jelly^saltarín^jove 0
sc_p 21 3107 206050 93 1000 1 0 0 540 716 560 4 70 0 306 564 322 564 255 3 60 80 70 70 20638 20638 3503 3503 0 67009700 0 Picaña^dócil 0
sc_n 2 319 206049 94 1000 1 -1 997.5.2 -1 -1 0 0 0 0 242 242 140 0 0 2 594 573 456 573 367 0 5 5 5 5 34861 34861 10244 10244 0 291503800 Kliff 1102 1 -1 -1 -1 -1
sc_p 13 670 206048 95 675 31279709 2 0 660 830 70 4 70 6 372 592 337 592 389 2 60 80 70 60 44836 44836 26643 26643 1 78866350 1 Widersito 1
sc_n 1 2640 206047 94 1000 242950 991.7.5 996.2.4 -1 -1 0 0 1 5 871 931 921 13 200 4 320 772 396 772 375 1 0 0 0 0 15310 16510 10544 11944 0 291503800 Jennifer -1 1 4812.100 1318.2 1319.4 1320.7
sc_p 9 769 206046 1 1000 0 0 0 130 150 55 15 180 0 32 35 37 35 13 0 20 20 20 20 350 350 60 60 0 15 0 Ardilla^boxeadora 0
sc_n 0 2620 206045 94 1000 5780688 992.3.0 995.6.10 -1 -1 0 0 2 0 683 773 70 0 0 10 250 481 302 481 373 2 2 2 2 2 9401 13401 12447 17447 0 291503800 Erdimien 2704 1 4810.100 1315.4 1316.1 1317.6
mv 3 15870 36 38 8
mv 3 15864 51 19 11
mv 3 15858 14 37 11
mv 3 15850 20 51 10
mv 3 15851 34 42 10
mv 3 15847 8 33 10
mv 3 15872 47 14 8
mv 3 15860 28 21 11
mv 3 15854 45 47 10
bf 1 538316 0.374.3000 95
eff_t 2 206048 1 538316 4766
mv 3 15871 41 23 8
mv 3 15868 24 21 8
mv 3 15862 42 10 11
mv 3 15873 57 26 8
mv 3 15865 51 10 11
mv 3 15856 53 39 10
gp 4 56 2644 -1 0 0
gp 61 9 2646 -1 1 0
in 3 3114 15873 57 26 2 100 100 0 0 0 -1 1 0 -1 - 2 -1 0 0 0 0 0 0 0 0
in 3 3114 15872 47 14 2 100 100 0 0 0 -1 1 0 -1 - 2 -1 0 0 0 0 0 0 0 0
in 3 3114 15871 41 23 2 100 100 0 0 0 -1 1 0 -1 - 2 -1 0 0 0 0 0 0 0 0
in 3 3114 15870 36 38 2 100 100 0 0 0 -1 1 0 -1 - 2 -1 0 0 0 0 0 0 0 0
in 3 3114 15869 35 46 2 100 100 0 0 0 -1 1 0 -1 - 2 -1 0 0 0 0 0 0 0 0
in 3 3114 15868 24 21 2 100 100 0 0 0 -1 1 0 -1 - 2 -1 0 0 0 0 0 0 0 0
in 3 3114 15867 14 18 2 100 100 0 0 0 -1 1 0 -1 - 2 -1 0 0 0 0 0 0 0 0
in 3 3113 15866 55 48 2 100 100 0 0 0 -1 1 0 -1 - 2 -1 0 0 0 0 0 0 0 0
in 3 3113 15865 51 10 2 100 100 0 0 0 -1 1 0 -1 - 2 -1 0 0 0 0 0 0 0 0
in 3 3113 15864 51 19 2 100 100 0 0 0 -1 1 0 -1 - 2 -1 0 0 0 0 0 0 0 0
in 3 3113 15863 44 29 2 100 100 0 0 0 -1 1 0 -1 - 2 -1 0 0 0 0 0 0 0 0
in 3 3113 15862 42 10 2 100 100 0 0 0 -1 1 0 -1 - 2 -1 0 0 0 0 0 0 0 0
in 3 3113 15861 40 47 2 100 100 0 0 0 -1 1 0 -1 - 2 -1 0 0 0 0 0 0 0 0
in 3 3113 15860 28 21 2 100 100 0 0 0 -1 1 0 -1 - 2 -1 0 0 0 0 0 0 0 0
in 3 3113 15859 16 18 2 100 100 0 0 0 -1 1 0 -1 - 2 -1 0 0 0 0 0 0 0 0
in 3 3113 15858 14 37 2 100 100 0 0 0 -1 1 0 -1 - 2 -1 0 0 0 0 0 0 0 0
in 3 3113 15857 13 20 2 100 100 0 0 0 -1 1 0 -1 - 2 -1 0 0 0 0 0 0 0 0
in 3 3110 15856 53 39 2 100 100 0 0 0 -1 1 0 -1 - 2 -1 0 0 0 0 0 0 0 0
in 3 3110 15855 52 29 2 100 100 0 0 0 -1 1 0 -1 - 2 -1 0 0 0 0 0 0 0 0
in 3 3110 15854 45 47 2 100 100 0 0 0 -1 1 0 -1 - 2 -1 0 0 0 0 0 0 0 0
in 3 3110 15853 45 8 2 100 100 0 0 0 -1 1 0 -1 - 2 -1 0 0 0 0 0 0 0 0
in 3 3110 15852 40 18 2 100 100 0 0 0 -1 1 0 -1 - 2 -1 0 0 0 0 0 0 0 0
in 3 3110 15851 34 42 2 100 100 0 0 0 -1 1 0 -1 - 2 -1 0 0 0 0 0 0 0 0
in 3 3110 15850 20 51 2 100 100 0 0 0 -1 1 0 -1 - 2 -1 0 0 0 0 0 0 0 0
in 3 3110 15849 15 44 2 100 100 0 0 0 -1 1 0 -1 - 2 -1 0 0 0 0 0 0 0 0
in 3 3110 15848 12 25 2 100 100 0 0 0 -1 1 0 -1 - 2 -1 0 0 0 0 0 0 0 0
in 3 3110 15847 8 33 2 100 100 0 0 0 -1 1 0 -1 - 2 -1 0 0 0 0 0 0 0 0
pst 2 206070 0 86 100 26570 3503 0 0 0
pst 2 206048 1 100 100 44836 26643 0 0 0
mv 3 15858 14 38 11
mv 3 15866 55 47 11
mv 3 15847 6 32 10
mv 3 15872 48 12 8
mv 3 15855 53 29 10
stat 21240 22260 24467 24467 0 74784
mv 3 15853 43 9 10
mv 3 15849 17 44 10
mv 3 15873 58 24 8
mv 3 15856 53 38 10
mv 3 15852 38 16 10
pst 2 206070 0 87 100 26654 3503 0 0 0
pst 2 206048 1 100 100 44836 26643 0 0 0
mv 3 15870 35 36 8
mv 3 15864 50 20 11
mv 3 15861 38 46 11
mv 3 15850 18 52 10
mv 3 15848 13 24 10
mv 3 15866 53 45 11
mv 3 15860 29 19 11
mv 3 15855 52 30 10
mv 3 15854 43 46 10
mv 3 15869 34 45 8
mv 3 15862 40 12 11
mv 3 15853 44 7 10
mv 3 15849 15 45 10
mv 3 15873 58 25 8
mv 3 15859 17 17 11
mv 3 15856 55 36 10
mv 3 15852 40 16 10
pst 2 206070 0 87 100 26654 3503 0 0 0
pst 2 206048 1 100 100 44836 26643 0 0 0
mv 3 15870 35 35 8
mv 3 15861 40 47 11
mv 3 15858 15 39 11
mv 3 15848 12 24 10
mv 3 15847 7 31 10
mv 3 15854 44 46 10
stat 21324 22260 24467 24467 0 74784
stat 21324 22260 24467 24467 0 74784
mv 3 15871 42 25 8
mv 3 15853 45 8 10
mv 3 15849 17 46 10
mv 3 15873 56 26 8
mv 3 15865 50 10 11
mv 3 15859 18 17 11
mv 3 15856 54 36 10
mv 3 15852 38 15 10
pst 2 206070 0 87 100 26738 3503 0 0 0
pst 2 206048 1 100 100 44836 26643 0 0 0
glist 0 0
mv 3 15870 36 36 8
mv 3 15864 48 21 11
mv 3 15861 39 46 11
mv 3 15848 13 25 10
mv 3 15866 55 46 11
mv 3 15863 46 28 11
mv 3 15851 33 42 10
mv 3 15855 52 29 10
mv 3 15854 45 45 10
eff 2 206048 3007
eff 1 538316 4296
gexp 415726|1719283 394409|792367 538316|17126 327663|169799 712452|82822 371984|382324 654329|912116 539788|246370 819684|114529 818429|560161 1040204|51678 352013|40552 732416|6675 193646|104922 520463|97315 805830|256318 72604|562298 57801|7708 638887|79032 62675|70253 60587|24686 668911|41797 158360|7872 557883|19495 710684|60881 256869|139001 546721|195687 751316|4040 365274|320087 123477|43195 495873|165652 239929|22075 807224|196146 92504|60241 462697|5500 409316|117767 583627|26568 593294|26892 597291|46555 892068|2000 723457|11073 416400|14758 105493|271475 691979|166757 52295|163185 433058|3366 758029|10941 818167|12273 806020|214168 660591|98386 1090443|299887 201818|80547 1380|50800 568160|25231 620230|48737 173626|80190 563233|20610 476043|65000 806166|26164 628176|22039 284237|30059 427154|44629 673691|8646 585529|15483 400770|58501 829343|75133 1049723|800 576169|6600 737565|4300 728314|21348 431562|6737 731333|7816 614945|27730 591747|18587 640457|28543 320657|2900 1049026|62103 559954|45645 730749|1233 541837|3000 777909|97348 1099020|5724 466183|32599 704336|54813 737845|48941 551950|25400 670667|77107 315486|1000 456755|7556 410152|19984 822387|38600 742191|0 796786|300 896356|300 838076|900 840311|0 411877|0
mv 3 15871 43 24 8
mv 3 15869 36 46 8
mv 3 15868 22 23 8
mv 3 15853 44 9 10
mv 3 15849 15 44 10
mv 3 15859 16 18 11
mv 3 15857 11 21 11
mv 3 15856 54 38 10
mv 3 15852 40 16 10
pst 2 206070 0 87 100 26738 3503 0 0 0
pst 2 206048 1 100 100 44836 26643 0 0 0
mv 3 15870 34 37 8
mv 3 15861 39 47 11
mv 3 15858 14 40 11
mv 3 15848 11 24 10
mv 3 15866 54 44 11
mv 3 15863 47 27 11
mv 3 15851 33 40 10
mv 3 15847 7 33 10
mv 3 15872 49 11 8
mv 3 15860 27 19 11
mv 3 15854 47 44 10
stat 21408 22260 24467 24467 0 74784
mv 3 15871 41 22 8
mv 3 15862 42 11 11
mv 3 15867 15 16 8
mv 3 15857 12 20 11
mv 3 15856 55 40 10
mv 3 15852 38 15 10
pst 2 206070 0 87 100 26822 3503 0 0 0
pst 2 206048 1 100 100 44836 26643 0 0 0
mv 3 15870 35 39 8
mv 3 15858 13 40 11
mv 3 15848 10 24 10
mv 3 15866 54 46 11
mv 3 15847 8 31 10
mv 3 15860 29 21 11
mv 3 15871 41 21 8
mv 3 15868 23 23 8
mv 3 15853 42 10 10
mv 3 15849 17 42 10
mv 3 15873 57 28 8
mv 3 15867 14 17 8
mv 3 15865 52 12 11
mv 3 15859 16 20 11
mv 3 15857 11 22 11
mv 3 15856 54 40 10
mv 3 15852 40 16 10
pst 2 206070 0 87 100 26822 3503 0 0 0
pst 2 206048 1 100 100 44836 26643 0 0 0
mv 3 15870 36 39 8
mv 3 15864 47 19 11
mv 3 15861 41 48 11
mv 3 15848 11 26 10
mv 3 15863 47 29 11
mv 3 15851 35 41 10
mv 3 15872 49 13 8
mv 3 15860 27 21 11
mv 3 15854 45 44 10
stat 21492 22260 24467 24467 0 74784
stat 21492 22260 24467 24467 0 74784
mv 3 15868 24 21 8
mv 3 15853 44 8 10
mv 3 15867 13 19 8
mv 3 15859 17 18 11
mv 3 15856 56 39 10
pst 2 206070 0 88 100 26906 3503 0 0 0
pst 2 206048 1 100 100 44836 26643 0 0 0
mv 3 15870 34 39 8
mv 3 15864 49 20 11
mv 3 15861 42 46 11
mv 3 15858 15 38 11
mv 3 15850 16 53 10
mv 3 15863 46 29 11
mv 3 15851 36 40 10
mv 3 15860 28 22 11
mv 3 15855 52 30 10
mv 3 15871 43 22 8
mv 3 15868 23 20 8
mv 3 15862 40 13 11
mv 3 15853 46 10 10
mv 3 15849 16 44 10
mv 3 15873 56 26 8
mv 3 15867 12 19 8
mv 3 15865 51 11 11
mv 3 15859 18 19 11
mv 3 15856 54 37 10
mv 3 15852 41 15 10
pst 2 206070 0 88 100 26906 3503 0 0 0
pst 2 206048 1 100 100 44836 26643 0 0 0
mv 3 15861 41 45 11
mv 3 15858 14 39 11
eff 3 15850 5000
mv 3 15848 13 24 10
mv 3 15866 56 47 11
mv 3 15863 46 27 11
mv 3 15850 11 55 15
mv 3 15855 53 31 10
mv 3 15854 47 45 10
eff 2 206048 3007
stat 21576 22260 24467 24467 0 74784
eff 1 538316 4296
mv 3 15862 41 11 11
mv 3 15853 45 9 10
mv 3 15867 13 18 8
mv 3 15865 53 9 11
mv 3 15859 18 17 11
mv 3 15857 11 21 11
ncif 3 15850
pst 2 206070 0 88 100 26990 3503 0 0 0
pst 2 206048 1 100 100 44836 26643 0 0 0
mv 3 15864 47 22 11
mv 3 15848 11 26 10
mv 3 15866 57 47 11
mv 3 15863 45 29 11
mv 3 15850 5 58 15
st 3 15850 97 0 100 100 180845 8156
mv 3 15872 48 12 8
mv 3 15860 27 20 11
mv 3 15854 46 45 10
mv 3 15871 44 23 8
mv 3 15869 36 47 8
mv 3 15868 25 21 8
mv 3 15862 43 12 11
mv 3 15853 46 10 10
mv 3 15849 16 42 10
walk 7 60 1 12
ptctl 2644 2 206070 7 59 206048 7 59 206048 12
ncif 3 15850
mv 3 15873 57 25 8
mv 3 15867 15 16 8
mv 3 15865 52 10 11
mv 3 15859 19 19 11
mv 3 15852 39 17 10
pst 2 206070 0 88 100 26990 3503 0 0 0
pst 2 206048 1 100 100 44836 26643 0 0 0
mv 3 15864 48 21 11
mv 3 15858 12 40 11
mv 3 15848 13 26 10
cond 1 538316 0 0 12
cond 1 538316 0 0 12
walk 5 60 0 12
ptctl 2644 2 206070 4 60 206048 5 60 206048 12
ptctl 2644 2 206048 6 58 206070 7 59 206048 12
cond 2 206070 0 0 11
cond 2 206048 0 0 12
mv 3 15863 45 27 11
mv 3 15851 35 41 10
ct 3 15850 2 206070 -1 -1 0
su 3 15850 2 206070 0 10 11 0 0 0 1 77 3311 3 0
mv 3 15847 7 31 10
st 3 15850 97 0 100 100 180845 8156
mv 3 15854 45 44 10
cond 1 538316 0 0 12
cond 1 538316 0 0 12
cond 2 206070 0 0 11
cond 2 206048 0 0 12
mv 3 15871 43 22 8
mv 3 15868 23 23 8
mv 3 15862 42 11 11
cond 2 206048 0 0 12
cond 2 206070 0 0 11
walk 5 61 0 12
mv 3 15865 53 8 11
mv 3 15856 53 39 10
mv 3 15852 41 19 10
ncif 3 15850
pst 2 206070 0 77 100 23679 3503 0 0 0
pst 2 206048 1 100 100 44836 26643 0 0 0
cond 1 538316 0 0 12
cond 1 538316 0 0 12
mv 3 15866 57 46 11
mv 3 15863 47 29 11
st 3 15850 97 0 100 100 180845 8156
mv 3 15872 46 14 8
mv 3 15855 52 31 10
mv 3 15871 43 23 8
mv 3 15868 22 21 8
mv 3 15862 44 12 11
ncif 3 15850
mv 3 15873 58 26 8
mv 3 15857 10 22 11
mv 3 15856 54 40 10
pst 2 206070 0 77 100 23679 3503 0 0 0
pst 2 206048 1 100 100 44836 26643 0 0 0
mv 3 15870 34 38 8
mv 3 15864 49 22 11
mv 3 15861 40 47 11
mv 3 15848 12 25 10
mv 3 15863 45 28 11
st 3 15850 97 0 100 100 180845 8156
mv 3 15855 51 31 10
mv 3 15854 45 45 10
ct 3 15850 2 206048 -1 -1 0
su 3 15850 2 206048 0 10 11 0 0 0 1 90 4216 3 0
ncif 3 15858
mv 3 15869 34 45 8
mv 3 15862 43 11 11
mv 3 15873 59 24 8
mv 3 15867 14 18 8
mv 3 15859 20 18 11
mv 3 15856 53 39 10
st 3 15858 96 0 100 100 163803 13100
pst 2 206070 0 77 100 23679 3503 0 0 0
pst 2 206048 1 90 100 40620 26643 0 0 0
mv 3 15861 42 48 11
mv 3 15858 14 41 11
ncif 3 15858
mv 3 15866 57 44 11
mv 3 15851 37 40 10
mv 3 15847 6 32 10
mv 3 15872 48 14 8
mv 3 15855 53 32 10
mv 3 15854 47 47 10
eff 2 206048 3007
eff 1 538316 4296
st 3 15858 96 0 100 100 163803 13100
mv 3 15869 35 47 8
mv 3 15862 42 10 11
mv 3 15873 57 26 8
mv 3 15867 12 20 8
mv 3 15865 53 10 11
mv 3 15859 19 16 11
mv 3 15856 54 37 10
mv 3 15852 41 18 10
pst 2 206070 0 77 100 23679 3503 0 0 0
pst 2 206048 1 90 100 40620 26643 0 0 0
ncif 3 15858
mv 3 15870 34 37 8
mv 3 15864 48 20 11
mv 3 15861 40 48 11
mv 3 15858 13 41 11
mv 3 15866 56 44 11
mv 3 15863 44 27 11
mv 3 15851 36 42 10
mv 3 15847 8 31 10
st 3 15858 96 0 100 100 163803 13100
mv 3 15872 47 13 8
mv 3 15854 47 46 10
ncif 3 15867
mv 3 15869 34 47 8
mv 3 15868 21 20 8
mv 3 15853 44 8 10
ct 3 15850 2 206048 -1 -1 0
su 3 15850 2 206048 0 10 11 0 0 0 1 90 0 1 0
mv 3 15873 58 27 8
mv 3 15865 54 12 11
mv 3 15859 20 18 11
mv 3 15857 11 22 11
mv 3 15856 55 36 10
mv 3 15852 42 17 10
pst 2 206070 0 77 100 23679 3503 0 0 0
pst 2 206048 1 90 100 40620 26643 0 0 0
st 3 15867 98 0 100 100 174041 5213
mv 3 15870 35 39 8
mv 3 15866 55 46 11
mv 3 15851 35 41 10
mv 3 15860 28 20 11
mv 3 15855 51 32 10
mv 3 15871 41 22 8
mv 3 15869 33 46 8
mv 3 15849 16 44 10
ncif 3 15867
mv 3 15873 59 25 8
mv 3 15859 18 16 11
mv 3 15856 56 38 10
pst 2 206070 0 77 100 23679 3503 0 0 0
pst 2 206048 1 90 100 40620 26643 0 0 0
st 3 15867 98 0 100 100 174041 5213
mv 3 15864 49 19 11
mv 3 15858 15 39 11
mv 3 15866 57 46 11
mv 3 15863 46 27 11
mv 3 15851 34 42 10
mv 3 15847 10 32 10
mv 3 15860 30 18 11
mv 3 15855 53 31 10
mv 3 15854 45 47 10
ncif 3 15867
mv 3 15871 43 23 8
mv 3 15862 42 12 11
mv 3 15849 17 46 10
mv 3 15867 14 18 8
mv 3 15865 52 10 11
mv 3 15857 9 20 11
mv 3 15856 55 36 10
ct 3 15850 2 206048 -1 -1 0
su 3 15850 2 206048 0 10 11 0 0 0 1 86 1664 0 0
pst 2 206070 0 77 100 23679 3503 0 0 0
pst 2 206048 1 86 100 38956 26643 0 0 0
mv 3 15864 47 21 11
mv 3 15848 12 24 10
mv 3 15866 56 47 11
mv 3 15863 46 25 11
mv 3 15847 8 31 10
st 3 15867 98 0 100 100 174041 5213
mv 3 15872 49 14 8
mv 3 15860 30 20 11
mv 3 15855 54 30 10
ncif 3 15867
mv 3 15871 42 21 8
mv 3 15862 44 12 11
mv 3 15873 59 27 8
mv 3 15859 20 18 11
mv 3 15857 10 21 11
pst 2 206070 0 77 100 23679 3503 0 0 0
pst 2 206048 1 86 100 38956 26643 0 0 0
mv 3 15870 34 38 8
mv 3 15864 48 20 11
mv 3 15861 38 47 11
mv 3 15858 15 38 11
mv 3 15848 11 24 10
st 3 15867 98 0 100 100 174041 5213
mv 3 15866 54 47 11
mv 3 15847 10 30 10
mv 3 15872 49 12 8
mv 3 15854 46 46 10
sc_p 13 670 206048 95 674 31279709 2 0 660 830 70 4 70 6 372 592 337 592 389 2 60 80 70 60 38956 44836 26643 26643 1 78866350 1 Widersito 1
eff 2 206048 3007
eff 1 538316 4296
mv 3 15868 21 22 8
mv 3 15853 43 9 10
mv 3 15849 18 44 10
ncif 3 15867
mv 3 15873 57 26 8
mv 3 15867 16 17 8
mv 3 15857 11 23 11
mv 3 15856 54 38 10
mv 3 15852 42 15 10
pst 2 206070 0 77 100 23679 3503 0 0 0
pst 2 206048 1 86 100 38956 26643 0 0 0
mv 3 15870 36 37 8
mv 3 15864 47 21 11
mv 3 15861 40 48 11
mv 3 15858 14 37 11
ct 3 15850 2 206048 -1 -1 0
su 3 15850 2 206048 0 10 11 0 0 0 1 82 1811 0 0
st 3 15867 98 0 100 100 174041 5213
mv 3 15847 9 32 10
mv 3 15872 50 12 8
mv 3 15860 29 21 11
mv 3 15854 45 44 10
mv 3 15869 34 45 8
mv 3 15868 21 21 8
mv 3 15849 18 43 10
ncif 3 15867
mv 3 15873 58 25 8
mv 3 15867 15 17 8
mv 3 15865 53 11 11
mv 3 15859 18 20 11
mv 3 15856 56 37 10
pst 2 206070 0 77 100 23679 3503 0 0 0
pst 2 206048 1 82 100 37145 26643 0 0 0
mv 3 15864 47 20 11
mv 3 15861 38 48 11
mv 3 15858 14 39 11
mv 3 15848 11 26 10
st 3 15867 98 0 100 100 174041 5213
mv 3 15847 7 33 10
mv 3 15872 49 13 8
mv 3 15860 29 22 11
ncif 3 15867
mv 3 15869 32 45 8
mv 3 15862 44 10 11
mv 3 15853 44 10 10
mv 3 15867 15 19 8
mv 3 15865 53 12 11
mv 3 15859 16 19 11
pst 2 206070 0 77 100 23679 3503 0 0 0
pst 2 206048 1 82 100 37145 26643 0 0 0
mv 3 15858 15 39 11
st 3 15867 98 0 100 100 174041 5213
mv 3 15863 46 27 11
ct 3 15850 2 206048 -1 -1 749
mv 3 15872 50 14 8
mv 3 15860 28 21 11
su 3 15850 2 206048 749 60 11 0 0 0 1 74 3526 0 0
mv 3 15871 43 22 8
mv 3 15868 22 21 8
mv 3 15862 42 12 11
mv 3 15849 17 42 10
ncif 3 15867
mv 3 15873 59 25 8
mv 3 15867 16 19 8
mv 3 15865 54 12 11
pst 2 206070 0 77 100 23679 3503 0 0 0
pst 2 206048 1 74 100 33619 26643 0 0 0
mv 3 15870 34 36 8
mv 3 15858 13 40 11
mv 3 15848 11 25 10
st 3 15867 98 0 100 100 174041 5213
mv 3 15866 53 46 11
mv 3 15851 36 41 10
mv 3 15860 28 22 11
mv 3 15855 55 30 10
mv 3 15869 34 47 8
mv 3 15862 42 13 11
mv 3 15849 17 43 10
ncif 3 15867
mv 3 15865 53 11 11
mv 3 15852 40 16 10
pst 2 206070 0 77 100 23679 3503 0 0 0
pst 2 206048 1 74 100 33619 26643 0 0 0
mv 3 15870 34 35 8
mv 3 15848 11 24 10
st 3 15867 98 0 100 100 174041 5213
mv 3 15863 45 29 11
mv 3 15872 48 12 8
mv 3 15860 27 21 11
mv 3 15855 54 31 10
mv 3 15854 47 44 10
eff 2 206048 3007
eff 1 538316 4296
mv 3 15871 45 24 8
mv 3 15868 21 21 8
mv 3 15862 44 11 11
mv 3 15853 42 9 10
ct 3 15850 2 206048 -1 -1 0
su 3 15850 2 206048 0 10 11 0 0 0 1 71 1635 0 0
ncif 3 15867
mv 3 15867 15 18 8
mv 3 15859 18 19 11
mv 3 15856 55 38 10
mv 3 15852 41 16 10
pst 2 206070 0 77 100 23679 3503 0 0 0
pst 2 206048 1 71 100 31984 26643 0 0 0
mv 3 15864 48 19 11
mv 3 15861 40 46 11
mv 3 15848 13 25 10
st 3 15867 98 0 100 100 174041 5213
mv 3 15863 47 29 11
mv 3 15851 34 43 10
mv 3 15847 7 32 10
mv 3 15854 45 46 10
mv 3 15871 43 23 8
mv 3 15869 34 49 8
mv 3 15868 23 22 8
mv 3 15873 57 26 8
mv 3 15867 15 20 8
mv 3 15865 53 10 11
mv 3 15859 19 17 11
mv 3 15857 11 24 11
mv 3 15856 54 40 10
ncif 3 15867
pst 2 206070 0 77 100 23679 3503 0 0 0
pst 2 206048 1 71 100 31984 26643 0 0 0
mv 3 15870 36 35 8
mv 3 15861 39 47 11
mv 3 15858 12 40 11
mv 3 15848 13 26 10
st 3 15867 98 0 100 100 174041 5213
mv 3 15872 46 12 8
mv 3 15854 44 46 10
mv 3 15869 35 47 8
mv 3 15868 21 20 8
mv 3 15862 43 11 11
mv 3 15849 16 44 10
mv 3 15867 16 18 8
mv 3 15859 17 17 11
mv 3 15857 9 22 11
mv 3 15856 55 39 10
mv 3 15852 39 17 10
ct 3 15850 2 206048 -1 -1 0
su 3 15850 2 206048 0 10 11 0 0 0 1 67 1834 0 0
pst 2 206070 0 77 100 23679 3503 0 0 0
pst 2 206048 1 67 100 30150 26643 0 0 0
mv 3 15870 38 36 8
mv 3 15864 47 21 11
mv 3 15858 12 39 11
mv 3 15848 11 27 10
mv 3 15866 54 45 11
mv 3 15863 45 29 11
mv 3 15851 36 41 10
mv 3 15860 26 21 11
mv 3 15855 53 31 10
mv 3 15854 45 45 10
mv 3 15868 22 22 8
mv 3 15849 14 42 10
mv 3 15873 59 26 8
mv 3 15867 14 16 8
mv 3 15865 54 9 11
mv 3 15857 11 24 11
pst 2 206070 0 77 100 23679 3503 0 0 0
pst 2 206048 1 67 100 30150 26643 0 0 0
mv 3 15870 37 37 8
mv 3 15858 11 41 11
mv 3 15848 9 26 10
mv 3 15866 54 46 11
mv 3 15851 34 40 10
mv 3 15847 7 33 10
mv 3 15872 47 12 8
mv 3 15860 28 19 11
mv 3 15855 54 31 10
mv 3 15854 45 47 10
mv 3 15869 35 49 8
mv 3 15868 23 23 8
mv 3 15853 44 11 10
mv 3 15873 57 25 8
mv 3 15867 14 18 8
mv 3 15859 17 19 11
mv 3 15857 13 22 11
mv 3 15856 54 39 10
pst 2 206070 0 77 100 23679 3503 0 0 0
pst 2 206048 1 67 100 30150 26643 0 0 0
mv 3 15870 35 35 8
mv 3 15864 49 21 11
mv 3 15858 12 39 11
ct 3 15850 2 206048 -1 -1 0
su 3 15850 2 206048 0 10 11 0 0 0 1 63 1834 0 0
mv 3 15866 55 44 11
mv 3 15860 26 20 11
mv 3 15855 52 30 10
mv 3 15854 47 47 10
sc_p 13 670 206048 95 673 31279709 2 0 660 830 70 4 70 6 372 592 337 592 389 2 60 80 70 60 28316 44836 26643 26643 1 78866350 1 Widersito 1
eff 2 206048 3007
dm 2 206048 291
eff 1 538316 4296
mv 3 15869 34 47 8
mv 3 15868 24 21 8
mv 3 15853 46 10 10
mv 3 15849 14 43 10
mv 3 15873 55 27 8
mv 3 15859 18 20 11
mv 3 15857 11 24 11
mv 3 15856 53 38 10
pst 2 206070 0 77 100 23679 3503 0 0 0
pst 2 206048 1 62 100 28025 26643 0 0 0 543.97
mv 3 15870 36 37 8
mv 3 15864 50 21 11
mv 3 15861 41 46 11
mv 3 15848 11 25 10
mv 3 15866 55 45 11
mv 3 15851 36 40 10
mv 3 15860 28 20 11
mv 3 15855 51 30 10
mv 3 15854 46 47 10
mv 3 15868 22 21 8
mv 3 15853 44 10 10
mv 3 15865 52 8 11
mv 3 15859 16 18 11
mv 3 15857 11 23 11
mv 3 15856 54 36 10
mv 3 15852 39 16 10
pst 2 206070 0 77 100 23679 3503 0 0 0
pst 2 206048 1 62 100 28025 26643 0 0 0 543.97
mv 3 15870 36 36 8
mv 3 15864 51 19 11
mv 3 15858 11 39 11
mv 3 15848 12 27 10
mv 3 15863 46 28 11
mv 3 15851 35 42 10
ct 3 15850 2 206048 -1 -1 0
su 3 15850 2 206048 0 10 11 0 0 0 1 58 1843 0 0
mv 3 15872 48 14 8
mv 3 15854 44 47 10
dm 2 206048 291
mv 3 15862 42 12 11
mv 3 15849 16 44 10
mv 3 15873 55 28 8
mv 3 15859 17 16 11
mv 3 15857 9 22 11
mv 3 15856 53 37 10
mv 3 15852 39 17 10
pst 2 206070 0 77 100 23679 3503 0 0 0
pst 2 206048 1 57 100 25891 26643 0 0 0 543.97
mv 3 15864 49 19 11
mv 3 15861 39 45 11
mv 3 15847 9 32 10
mv 3 15860 29 22 11
mv 3 15854 44 48 10
mv 3 15871 42 24 8
mv 3 15862 43 13 11
mv 3 15849 14 44 10
mv 3 15867 16 20 8
mv 3 15865 51 8 11
mv 3 15857 11 23 11
mv 3 15852 40 16 10
pst 2 206070 0 77 100 23679 3503 0 0 0
pst 2 206048 1 57 100 25891 26643 0 0 0 543.97
mv 3 15870 38 38 8
mv 3 15864 48 20 11
mv 3 15861 41 47 11
mv 3 15866 53 46 11
mv 3 15863 47 27 11
mv 3 15872 49 14 8
mv 3 15860 28 21 11
mv 3 15855 52 28 10
mv 3 15854 43 47 10
ct 3 15850 2 206048 -1 -1 0
su 3 15850 2 206048 0 10 11 0 0 0 1 54 1656 0 0
dm 2 206048 291
mv 3 15868 22 20 8
mv 3 15862 43 11 11
mv 3 15849 16 45 10
mv 3 15867 16 19 8
mv 3 15856 55 38 10
pst 2 206070 0 77 100 23679 3503 0 0 0
pst 2 206048 1 53 100 23944 26643 0 0 0 543.97
mv 3 15870 36 36 8
mv 3 15858 11 41 11
mv 3 15866 55 48 11
mv 3 15851 34 41 10
mv 3 15872 49 12 8
mv 3 15855 53 30 10
eff 2 206048 3007
eff 1 538316 4296
mv 3 15871 43 23 8
mv 3 15869 35 46 8
mv 3 15862 41 10 11
mv 3 15853 46 9 10
mv 3 15849 14 44 10
mv 3 15867 14 17 8
mv 3 15865 52 10 11
mv 3 15857 10 24 11
mv 3 15856 54 37 10
mv 3 15852 42 17 10
pst 2 206070 0 77 100 23679 3503 0 0 0
pst 2 206048 1 53 100 23944 26643 0 0 0 543.97
mv 3 15870 36 37 8
mv 3 15861 41 46 11
mv 3 15866 55 46 11
mv 3 15863 46 28 11
mv 3 15872 50 11 8
mv 3 15860 27 20 11
dm 2 206048 291
mv 3 15869 34 47 8
mv 3 15853 44 10 10
ct 3 15850 2 206048 -1 -1 749
mv 3 15849 16 44 10
mv 3 15873 57 27 8
mv 3 15865 54 8 11
mv 3 15859 18 16 11
mv 3 15857 9 22 11
mv 3 15856 55 36 10
mv 3 15852 41 16 10
su 3 15850 2 206048 749 60 11 0 0 0 1 44 3667 0 0
pst 2 206070 0 77 100 23679 3503 0 0 0
pst 2 206048 1 44 100 19986 26643 0 0 0 543.97
mv 3 15870 36 36 8
mv 3 15864 48 21 11
mv 3 15861 41 48 11
mv 3 15848 11 26 10
mv 3 15866 53 48 11
mv 3 15863 48 27 11
mv 3 15851 36 42 10
mv 3 15872 49 11 8
mv 3 15860 28 22 11
mv 3 15871 43 22 8
mv 3 15849 15 44 10
mv 3 15867 15 18 8
mv 3 15865 53 10 11
mv 3 15852 40 18 10
pst 2 206070 0 77 100 23679 3503 0 0 0
pst 2 206048 1 44 100 19986 26643 0 0 0
mv 3 15864 50 19 11
mv 3 15858 11 40 11
mv 3 15848 13 25 10
mv 3 15851 34 40 10
mv 3 15860 26 22 11
mv 3 15854 45 46 10
mv 3 15869 34 46 8
mv 3 15862 41 12 11
mv 3 15853 44 11 10
mv 3 15849 17 42 10
mv 3 15873 59 26 8
mv 3 15865 52 8 11
mv 3 15857 9 21 11
pst 2 206070 0 77 100 23679 3503 0 0 0
pst 2 206048 1 44 100 19986 26643 0 0 0
mv 3 15861 42 48 11
ct 3 15850 2 206048 -1 -1 0
su 3 15850 2 206048 0 10 11 0 0 0 1 44 166 0 0
mv 3 15848 11 26 10
mv 3 15866 55 47 11
mv 3 15847 10 32 10
mv 3 15855 53 31 10
mv 3 15871 43 24 8
mv 3 15869 33 47 8
mv 3 15862 40 13 11
mv 3 15853 44 9 10
mv 3 15849 15 43 10
mv 3 15867 13 19 8
mv 3 15859 17 18 11
mv 3 15857 9 20 11
mv 3 15856 57 38 10
mv 3 15852 39 18 10
pst 2 206070 0 77 100 23679 3503 0 0 0
pst 2 206048 1 44 100 19820 26643 0 0 0
mv 3 15870 38 36 8
mv 3 15864 49 18 11
mv 3 15848 11 24 10
mv 3 15866 57 48 11
mv 3 15863 47 28 11
mv 3 15872 48 13 8
mv 3 15860 28 20 11
mv 3 15854 45 48 10
sc_p 13 670 206048 95 672 31279709 2 0 660 830 70 4 70 6 372 592 337 592 389 2 60 80 70 60 19820 44836 26643 26643 1 78866350 1 Widersito 1
eff 2 206048 3007
eff 1 538316 4296
mv 3 15871 45 25 8
mv 3 15862 41 13 11
mv 3 15853 46 10 10
mv 3 15849 17 42 10
mv 3 15873 57 25 8
mv 3 15867 14 20 8
pst 2 206070 0 77 100 23679 3503 0 0 0
pst 2 206048 1 44 100 19820 26643 0 0 0
mv 3 15861 42 46 11
mv 3 15858 11 39 11
mv 3 15866 55 46 11
ct 3 15850 2 206048 -1 -1 0
su 3 15850 2 206048 0 10 11 0 0 0 1 40 1726 0 0
mv 3 15847 8 30 10
mv 3 15872 50 11 8
mv 3 15855 53 32 10
mv 3 15871 44 23 8
mv 3 15869 33 48 8
mv 3 15868 23 21 8
mv 3 15853 45 9 10
mv 3 15849 16 43 10
mv 3 15873 58 26 8
mv 3 15867 16 19 8
mv 3 15865 50 9 11
mv 3 15859 16 17 11
mv 3 15857 11 22 11
mv 3 15852 40 16 10
pst 2 206070 0 77 100 23679 3503 0 0 0
pst 2 206048 1 40 100 18094 26643 0 0 0
mv 3 15864 51 19 11
mv 3 15861 40 44 11
mv 3 15848 9 25 10
