select 0
OK
game_start
lbs 0
tit Mago 
fd 7174539 0 50 1
fd 7174539 27 50 1
c_close 1
equip 77 87 0.4965.7.7.0.3 1.4950.7.8.0.0 2.4975.0.0.0.0 3.4038.0.6.0.0 4.4043.0.6.0.0 5.4962.7.4.0.0 6.4835.0.0.0.0 7.4836.0.0.0.0 8.4837.0.0.0.0 9.4846.0.0.0.0 10.4129.0.0.0.0 12.4502.0.13.21.0 13.8206.0.0.0.0 14.4365.0.0.0.0 15.4373.0.0.0.0 16.4443.0.0.0.0
lev 99 0 80 1085 2140719000 790000 7174539 4 8949636 40 15684900 0
stat 21217 22260 24467 24467 0 75040
ski 260 261 260 261 262 263 265 266 267 268 270 271 272 273 274 275 277 237 695|3 21 26 30 38 42 46 50 53 58 60 90 94 96 97 98 99 100 111 112 103 104 105 370 371 372 374 376 380 381 382 383 284 285 287 288 289 290 291 294
cond 1 538316 0 0 12
at 538316 2633 92 57 2 0 114 1 -1
c_map 0 2633 1
sc 2 7 1154 1267 143 0 0 1 4 1067 1163 972 13 210 8 636 788 726 778 797 76 104 76 104
cond 1 538316 0 0 12
pairy 1 538316 4 1 85 40
rsfi 7 1 10 10 10 10
rage 0 250000
rank_cool 0 0 18000
sp 908184 1000000 6503 10000
scr 24 2 31 0 0 0 0
bn 0 El^equipo^de^Nostale^nunca^te^pedirá^la^contraseña
bn 1 Soporte^de^Nostale:^http://support.nostale.org
bn 2 Visita^nuestro^foro:^http://board.nostale.org
bn 3 Desde^el^foro^tendrás^un^acceso^al^irc
bn 4 ¿Quieres^ser^GM?Revisa^el^foro^para^más^información
bn 5 No^visites^páginas^de^usuarios^ofreciendo^Nos$
bn 6 ¿Asuntos^de^pago?^Visita^https://billing.gameforge.com/
bn 7 Reglas^del^juego:^Visita^el^foro^>^Noticias
bn 8 Los^jugadores^que^compren^oro^serán^baneados
bn 9 El^equipo^de^Nostale^nunca^te^pedirá^la^contraseña
evtb 0 0 0 0 0 0 1 1 1 1 0 0
exts 0 120 120 120
cond 2 172073 0 0 8
cond 2 172073 0 0 8
cond 2 172072 0 0 10
cond 2 172072 0 0 10
cond 2 172071 0 0 10
cond 2 172071 0 0 10
cond 2 172070 0 0 8
cond 2 172070 0 0 8
cond 2 172069 0 0 8
cond 2 172069 0 0 8
cond 2 172068 0 0 11
cond 2 172068 0 0 11
cond 2 172067 0 0 10
cond 2 172067 0 0 10
cond 2 172066 0 0 6
cond 2 172066 0 0 6
cond 2 172065 0 0 11
cond 2 172065 0 0 11
cond 2 172065 0 0 11
cond 2 172065 0 0 11
sc_n 3 2618 172065 94 1000 226485876 990.5.4 997.6.4 -1 -1 0 0 0 4 819 899 617 12 200 4 599 571 473 571 334 2 0 0 0 0 26570 30570 3503 3503 0 291503800 Ragnar 2703 1 4818.100 1292.5 1293.6 1294.7
sc_n 3 2618 172065 94 1000 226485876 990.5.4 997.6.4 -1 -1 0 0 0 4 819 899 617 12 200 4 599 571 473 571 334 2 5 5 5 5 26570 26570 3503 3503 0 291503800 Ragnar 2703 1 4818.100 1292.5 1293.6 1294.7
cond 2 172065 0 0 11
sc_n 3 2618 172065 94 1000 226485876 990.5.4 997.6.4 -1 -1 0 0 0 4 819 899 617 12 200 4 599 571 473 571 334 2 0 0 0 0 26570 30570 3503 3503 0 291503800 Ragnar 2703 1 4818.100 1292.5 1293.6 1294.7
cond 2 172064 0 0 9
cond 2 172064 0 0 9
cond 2 172063 0 0 11
cond 2 172063 0 0 11
cond 2 172062 0 0 10
cond 2 172062 0 0 10
cond 2 172061 0 0 10
cond 2 172061 0 0 10
cond 2 172060 0 0 10
cond 2 172060 0 0 10
cond 2 172059 0 0 13
cond 2 172059 0 0 13
cond 2 172058 0 0 13
cond 2 172058 0 0 13
cond 2 172057 0 0 10
cond 2 172057 0 0 10
cond 2 172056 0 0 10
cond 2 172056 0 0 10
cond 2 172055 0 0 10
cond 2 172055 0 0 10
cond 2 172054 0 0 6
cond 2 172054 0 0 6
cond 2 172053 0 0 10
cond 2 172053 0 0 10
cond 2 172052 0 0 12
cond 2 172052 0 0 12
cond 2 172051 0 0 11
cond 2 172051 0 0 11
cond 2 172051 0 0 11
cond 2 172051 0 0 11
cond 2 172050 0 0 11
cond 2 172050 0 0 11
cond 2 172049 0 0 9
cond 2 172049 0 0 9
cond 2 172048 0 0 9
cond 2 172048 0 0 9
cond 2 172047 0 0 9
cond 2 172047 0 0 9
cond 2 172046 0 0 10
cond 2 172046 0 0 10
cond 2 172045 0 0 10
cond 2 172045 0 0 10
cond 2 172044 0 0 11
cond 2 172044 0 0 11
cond 2 172044 0 0 11
cond 2 172044 0 0 11
sc_n 2 319 172044 94 1000 1 -1 997.5.2 -1 -1 0 0 0 0 242 242 140 0 0 2 594 573 456 573 367 0 0 0 0 0 34861 34861 10244 10244 0 291503800 Kliff 1102 1 -1 -1 -1 -1
cond 2 172043 0 0 12
cond 2 172043 0 0 12
cond 2 172042 0 0 11
cond 2 172042 0 0 11
cond 2 172042 0 0 11
sc_n 1 2640 172042 94 1000 242950 991.7.5 996.2.4 -1 -1 0 0 1 5 871 931 921 13 200 0 84 223 111 223 98 1 0 0 0 0 16510 15310 11944 11944 1 291503800 Jennifer -1 1 4812.100 1318.2 1319.4 1320.7
sc_n 1 2640 172042 94 1000 242950 991.7.5 996.2.4 -1 -1 0 0 1 5 871 931 921 13 200 4 289 619 344 619 299 1 0 0 0 0 16510 15310 10544 10544 1 291503800 Jennifer -1 1 4812.100 1318.2 1319.4 1320.7
cond 2 172042 0 0 11
sc_n 1 2640 172042 94 1000 242950 991.7.5 996.2.4 -1 -1 0 0 1 5 871 931 921 13 200 0 84 223 111 223 98 1 0 0 0 0 16510 15310 10544 11944 1 291503800 Jennifer -1 1 4812.100 1318.2 1319.4 1320.7
sc_n 1 2640 172042 94 1000 242950 991.7.5 996.2.4 -1 -1 0 0 1 5 871 931 921 13 200 4 320 772 396 772 375 1 0 0 0 0 16510 16510 10544 11944 1 291503800 Jennifer -1 1 4812.100 1318.2 1319.4 1320.7
sc_n 1 2640 172042 94 1000 242950 991.7.5 996.2.4 -1 -1 0 0 1 5 871 931 921 13 200 4 320 772 396 772 375 1 0 0 0 0 16510 16510 10544 10544 1 291503800 Jennifer -1 1 4812.100 1318.2 1319.4 1320.7
sc_n 1 2640 172042 94 1000 242950 991.7.5 996.2.4 -1 -1 0 0 1 5 871 931 921 13 200 4 320 692 396 692 375 1 0 0 0 0 15310 15310 10544 10544 1 291503800 Jennifer -1 1 4812.100 1318.2 1319.4 1320.7
cond 2 172042 0 0 11
sc_n 1 2640 172042 94 1000 242950 991.7.5 996.2.4 -1 -1 0 0 1 5 871 931 921 13 200 0 84 223 111 223 98 1 0 0 0 0 15310 15310 10544 11944 1 291503800 Jennifer -1 1 4812.100 1318.2 1319.4 1320.7
sc_n 1 2640 172042 94 1000 242950 991.7.5 996.2.4 -1 -1 0 0 1 5 871 931 921 13 200 4 320 772 396 772 375 1 0 0 0 0 15310 16510 10544 11944 1 291503800 Jennifer -1 1 4812.100 1318.2 1319.4 1320.7
cond 2 172041 0 0 13
cond 2 172041 0 0 13
cond 2 172040 0 0 12
cond 2 172040 0 0 12
cond 2 172040 0 0 12
sc_n 0 2620 172040 94 1000 5780688 992.3.0 995.6.10 -1 -1 0 0 2 0 683 773 70 0 0 0 65 177 88 177 107 2 0 0 0 0 9401 9401 12447 17447 0 291503800 Erdimien 2704 1 4810.100 1315.4 1316.1 1317.6
sc_n 0 2620 172040 94 1000 5780688 992.3.0 995.6.10 -1 -1 0 0 2 0 683 773 70 0 0 10 270 573 321 573 308 2 0 0 0 0 9401 9401 12447 12447 0 291503800 Erdimien 2704 1 4810.100 1315.4 1316.1 1317.6
cond 2 172040 0 0 12
sc_n 0 2620 172040 94 1000 5780688 992.3.0 995.6.10 -1 -1 0 0 2 0 683 773 70 0 0 0 65 177 88 177 107 2 0 0 0 0 9401 9401 12447 17447 0 291503800 Erdimien 2704 1 4810.100 1315.4 1316.1 1317.6
sc_n 0 2620 172040 94 1000 5780688 992.3.0 995.6.10 -1 -1 0 0 2 0 683 773 70 0 0 10 250 481 302 481 373 2 0 0 0 0 9401 13401 12447 17447 0 291503800 Erdimien 2704 1 4810.100 1315.4 1316.1 1317.6
sc_n 0 2620 172040 94 1000 5780688 992.3.0 995.6.10 -1 -1 0 0 2 0 683 773 70 0 0 10 250 481 302 481 373 2 2 2 2 2 9401 13401 12447 12447 0 291503800 Erdimien 2704 1 4810.100 1315.4 1316.1 1317.6
sc_n 0 2620 172040 94 1000 5780688 992.3.0 995.6.10 -1 -1 0 0 2 0 683 773 70 0 0 10 250 481 302 481 373 2 2 2 2 2 9401 9401 12447 12447 0 291503800 Erdimien 2704 1 4810.100 1315.4 1316.1 1317.6
cond 2 172040 0 0 12
sc_n 0 2620 172040 94 1000 5780688 992.3.0 995.6.10 -1 -1 0 0 2 0 683 773 70 0 0 0 65 177 88 177 107 2 0 0 0 0 9401 9401 12447 17447 0 291503800 Erdimien 2704 1 4810.100 1315.4 1316.1 1317.6
sc_n 0 2620 172040 94 1000 5780688 992.3.0 995.6.10 -1 -1 0 0 2 0 683 773 70 0 0 10 250 481 302 481 373 2 0 0 0 0 9401 13401 12447 17447 0 291503800 Erdimien 2704 1 4810.100 1315.4 1316.1 1317.6
p_clear
sc_p 8 158 172073 12 1000 148 2 0 132 232 70 2 70 0 50 89 50 89 51 1 80 -30 40 10 751 751 402 402 0 2457 0 Ardilla^fumigadora 0
sc_p 27 448 172072 1 1000 0 0 0 42 45 32 14 90 0 48 41 37 41 23 0 5 10 2 15 156 156 10 10 0 15 0 Hada^graslin 0
sc_p 14 156 172071 23 1000 4900 0 0 170 224 162 4 70 0 88 166 93 166 73 3 70 70 70 70 2346 2346 363 363 0 25680 0 Ardilla^marrón 0
sc_p 29 176 172070 1 1000 0 0 0 30 38 30 4 70 0 17 34 19 34 17 2 0 0 0 0 121 121 60 60 0 15 0 Ardilla^Santa 0
sc_p 0 535 172069 24 1000 24840 2 0 136 202 70 14 75 0 86 159 94 159 85 2 -10 8 5 4 865 865 382 382 0 29430 0 Muñeco^de^Nieve 0
sc_p 10 803 172068 2 1000 5 0 0 35 67 35 10 100 0 20 39 22 39 19 3 70 50 70 50 499 499 65 65 0 42 0 Chick^Norris 0
sc_p 18 824 172067 1 1000 0 0 0 70 138 30 6 100 0 27 34 29 34 32 2 4 22 6 6 321 321 60 60 0 15 0 Jelly^saltarín^jove 0
sc_p 2 567 172066 1 1000 0 1 0 41 48 44 10 150 0 18 31 17 31 13 2 5 5 5 5 168 168 24 24 0 15 0 Hada^oval 0
sc_n 3 2618 172065 94 1000 226485876 990.5.4 997.6.4 -1 -1 0 0 0 4 819 899 617 12 200 4 599 571 473 571 334 2 5 5 5 5 26570 30570 3503 3503 0 291503800 Ragnar 2703 1 4818.100 1292.5 1293.6 1294.7
sc_p 16 801 172064 2 1000 35 0 0 46 51 37 14 90 0 50 46 40 46 25 3 5 2 10 15 175 175 15 15 0 42 0 Chicky^saltador 0
sc_p 3 2701 172063 94 1000 62984 1 0 562 720 748 8 200 0 313 564 327 564 243 1 10 0 10 10 20838 20838 2040 2040 0 72875950 1 Mecanigato 0
sc_p 17 752 172062 1 1000 0 0 0 40 63 34 2 60 0 25 34 24 34 22 1 55 35 40 40 450 450 60 60 0 15 0 Ardilla^toro 0
sc_p 19 840 172061 1 1000 0 0 0 55 88 40 5 70 0 42 35 54 35 27 2 1 5 3 2 341 341 60 60 0 15 0 Leo,^el^Cobarde 0
sc_p 7 2119 172060 14 1000 168 0 0 143 213 108 10 70 0 70 109 65 109 57 3 20 50 70 40 1361 1361 240 240 0 3720 0 Oveja^amarilla 0
sc_p 26 846 172059 1 1000 0 0 0 130 188 90 5 160 0 17 54 19 54 17 1 80 45 55 60 221 221 60 60 0 15 0 Teo^Terciopié 0
sc_p 11 2683 172058 91 1000 36268 1 0 615 782 814 4 70 0 298 601 334 601 294 3 60 70 80 60 21300 21300 10550 10550 0 55644450 1 Almirante^Ojo^de^Ág 1
sc_p 28 843 172057 1 1000 0 0 0 130 168 90 10 140 0 17 34 19 34 17 2 50 80 60 50 331 331 60 60 0 15 0 Ardilla^vikinga 0
sc_p 24 844 172056 1 1000 0 2 0 140 168 70 0 0 0 17 34 19 34 17 3 60 50 80 50 271 271 60 60 0 15 0 Ardilla^cowboy 0
sc_p 15 824 172055 1 1000 0 0 0 70 138 30 6 100 0 27 34 29 34 32 2 4 22 6 6 321 321 60 60 0 15 0 Jelly^saltarín^jove 0
sc_p 12 581 172054 1 1000 0 2 0 70 155 70 4 70 0 17 34 19 34 17 2 20 60 50 50 261 261 60 60 0 15 0 Ardilla^marinera 0
sc_p 25 614 172053 1 1000 0 2 0 71 157 70 2 70 0 17 34 19 34 17 1 80 50 50 60 221 221 60 60 0 15 0 Ardilla^de^unidad^e 0
sc_p 5 1384 172052 90 1000 7308 2 1 633 795 70 4 70 4 331 479 272 479 309 0 50 40 20 70 35480 35480 12147 12147 0 50142850 1 Ardilla^calabaza 0
sc_n 4 2641 172051 94 1000 1 -1 -1 -1 -1 0 0 1 0 214 214 428 0 0 0 88 214 107 214 88 3 0 0 0 0 16921 16921 8410 8410 0 291503800 Amora^sin^alas -1 0 -1 -1 -1 -1
sc_p 4 828 172050 93 1000 1059040 0 0 633 827 532 12 150 0 354 531 312 531 288 2 60 80 70 60 37936 37936 4582 4582 0 67009700 0 Kagome 0
sc_p 6 830 172049 15 1000 3955 0 0 117 154 104 4 70 2 67 113 65 113 55 3 40 40 40 40 1225 1225 195 195 0 5256 0 Rudi^Rabauke^joven 0
sc_p 20 2106 172048 6 1000 230 0 0 73 97 56 4 70 0 38 65 36 65 34 1 40 40 40 40 470 470 108 108 0 420 0 Pavesa 0
sc_p 1 664 172047 10 1000 91 0 0 97 132 82 10 150 0 43 117 47 117 38 1 50 50 50 50 706 706 128 128 0 1518 0 Conejo^entrañable 0
sc_p 23 824 172046 1 1000 0 0 0 70 138 30 6 100 0 27 34 29 34 32 2 4 22 6 6 321 321 60 60 0 15 0 Jelly^saltarín^jove 0
sc_p 21 3107 172045 93 1000 1 0 0 540 716 560 4 70 0 306 564 322 564 255 3 60 80 70 70 20638 20638 3503 3503 0 67009700 0 Picaña^dócil 0
sc_n 2 319 172044 94 1000 1 -1 997.5.2 -1 -1 0 0 0 0 242 242 140 0 0 2 594 573 456 573 367 0 5 5 5 5 34861 34861 10244 10244 0 291503800 Kliff 1102 1 -1 -1 -1 -1
sc_p 13 670 172043 95 181 31210465 2 0 660 830 70 4 70 6 372 592 337 592 389 2 60 80 70 60 34598 44836 26643 26643 1 78866350 1 Widersito 1
sc_n 1 2640 172042 94 1000 242950 991.7.5 996.2.4 -1 -1 0 0 1 5 871 931 921 13 200 4 320 772 396 772 375 1 0 0 0 0 15310 16510 10544 11944 1 291503800 Jennifer -1 1 4812.100 1318.2 1319.4 1320.7
sc_p 9 769 172041 1 1000 0 0 0 130 150 55 15 180 0 32 35 37 35 13 0 20 20 20 20 350 350 60 60 0 15 0 Ardilla^boxeadora 0
sc_n 0 2620 172040 94 1000 5780688 992.3.0 995.6.10 -1 -1 0 0 2 0 683 773 70 0 0 10 250 481 302 481 373 2 2 2 2 2 9401 13401 12447 17447 0 291503800 Erdimien 2704 1 4810.100 1315.4 1316.1 1317.6
sc_p_stc 3 2
npinfo 0
ctl 2 172042 3
in 2 2640 172042 92 56 2 92 88 0 0 3 538316 1 0 -1 Jennifer 1 1 0 0 0 0 0 0 0 0
cond 2 172042 0 0 11
ski 260 261 260 261 262 263 265 266 267 268 270 271 272 273 274 275 277 237 1488 1489 695|3 21 26 30 38 42 46 50 53 58 60 90 94 96 97 98 99 100 111 112 103 104 105 370 371 372 374 376 380 381 382 383 284 285 287 288 289 290 291 294
qslot 0 0.1.0 0.2.31 0.-1.-1 1.1.13 1.1.12 1.1.15 1.3.12 1.1.10 1.3.11 0.-1.-1 1.1.2 1.1.3 1.1.5 1.1.7 1.1.17 1.1.14 1.1.39 1.1.38 1.1.11 0.1.119 0.-1.-1 0.1.119 0.1.119 0.1.119 0.1.119 0.1.28 0.1.119 0.0.53 0.0.59 1.1.41
qslot 1 0.1.1 0.1.119 0.1.119 7.7.-1 7.7.-1 7.7.-1 7.7.-1 7.7.-1 7.7.-1 7.7.-1 1.1.8 1.1.1 7.7.-1 7.7.-1 7.7.-1 7.7.-1 7.7.-1 7.7.-1 7.7.-1 7.7.-1 7.7.-1 7.7.-1 7.7.-1 7.7.-1 7.7.-1 7.7.-1 7.7.-1 7.7.-1 7.7.-1 7.7.-1
ctl 2 172043 3
in 2 670 172043 93 56 2 77 100 0 0 3 538316 1 0 -1 Widersito 2 -1 0 0 0 0 0 0 0 0
cond 2 172043 0 0 12
sc_p_stc 3 2
npinfo 0
sc_p 13 670 172043 95 181 31210465 2 0 660 830 70 4 70 6 372 592 337 592 389 2 60 80 70 60 34598 44836 26643 26643 1 78866350 1 Widersito 1
petski -1
title 10.1 5.1 9.1 8.1 4.1 7.1 6.1 3.1 2.1 1.1 0.3 11.1 100.5 80.1
titinfo 1 538316 9300 9400
zzim
umi 5060.676 5675.-1 5676.-1 5677.-1 5797.-1
ib 1278 1
qstlist 6.6090.0.4.0.10.0.0.10.0.0.0.0.0.0.0 7.6227.0.4.0.15.0.0.15.0.15.0.0.0.0.0 8.7633.0.1.0.1.0.0.1.0.0.0.0.0.0.0 9.6248.0.12.0.0.0.0.0.0.0.0.0.0.0.0 11.7624.0.1.0.1.0.0.0.0.0.0.0.0.0.0 13.6721.0.14.0.1.0.0.0.0.0.0.0.0.0.0
sqst  0 0000000000000000000000000000000000000000000000000000000000000000000000000000000000000000000000000000000000000000000000000000000000000000000000000000000000000000000000000000000000000000000000000000000000000000000000000000000000000000000000000000000000
sqst  1 00000000000000000000000000000000000000000000000000000000000000000000000000000000000000000000000000000000000000000000000000000O0000000000000000000000000000000000000000000000000000000000000000000000000000000000000000000000000000000000000000000000000000
sqst  2 0000000000000000000000000000000000000000000000000000000000000000000000000000000000000000000000000000000000000000000000000000000000000000000000000000000000000000000000000000000000000000000000000000000000000000000000000000000000000000000000000000000000
sqst  3 00000000000000000000000000000000000000000000000000000000000000000000000000000000000U}}t}}V}O}0000000000000000000000X0}060X00O}00000000000000000000000000000000006000000000000000000000000000000000000000000000000000000000000000000000000zW000000000000000
sqst  4 01UX00O}}}}}}}}0000000V}XU}}}}}}}}}}}l00UX000000000000VW000000000000000000000000000U}}z}}}}}}}}}}z}zV}}}l000000000000O}}y}}Z000000000000000000000000000000000000000000000000000000000000000000000000000000000000000000000000000000000000000000000000000000
sqst  5 0000000000000000000000000000000000000000000000000000000000000000000000000000000000000000000000000000000000000000000000000000000000000000000000000000000000000000000000000000000000000000000000000000000000000000000000000000000000000000000000000000000000
sqst  6 0000000000000000000000000000000000000000000000000000000000000000000000000000000000000000000000000000000000000000000000000000000000000000000000000000000000000000000000000000000000000000000000000000000000000000000000000000000000000000000000000000000000
eq 538316 0 0 3 97 3 4975.4950.4965.4962.4846.4129.8206.4365.4373.4443 77 87 10
act6 
mv 3 15022 75 58 10
mv 3 15019 42 49 10
mv 3 15011 140 31 8
mv 3 14993 106 34 10
mv 3 14992 104 48 10
mv 3 14985 22 51 10
mv 3 14977 113 24 8
fmi 0|9000|2|0|0 0|9002|2|0|0 0|9003|2|0|0 0|9004|2|9|134 0|9005|1|20191216|137 0|9006|2|0|244 0|9007|2|0|14 0|9008|2|3|42 0|9009|2|3|9 0|9010|2|0|13 0|9011|2|2|4 0|9012|2|4|4 0|9013|2|4|48 0|9014|1|20191216|91 0|9015|1|20191216|45 0|9016|2|2|43 0|9017|2|9|239 1|9018|1|20190403|0 1|9019|1|20190403|0 1|9020|1|20190403|0 1|9021|1|20190403|0 1|9022|1|20190403|0 1|9023|1|20190403|0 1|9024|1|20190403|0 1|9025|1|20190403|0 1|9026|1|20190403|0 1|9027|1|20190611|0 1|9028|1|20190911|0 1|9029|2|0|0 1|9037|1|20190403|0 1|9038|1|20190413|0 1|9039|1|20190611|0 1|9040|2|700|0 1|9042|1|20190703|0 1|9043|1|20190706|0 1|9044|1|20190713|0 1|9045|1|20190807|0 1|9046|2|2787|0 1|9047|1|20190703|0 1|9048|1|20190706|0 1|9049|1|20190713|0 1|9050|1|20190807|0 1|9051|2|1454|0 1|9052|1|20190407|0 1|9053|1|20190508|0 1|9054|2|588|0 1|9055|1|20190405|0 1|9056|1|20190417|0 1|9057|1|20190516|0 1|9058|1|20190922|0 1|9059|2|148|0 1|9060|1|20190405|0 1|9061|1|20190419|0 1|9062|1|20190519|0 1|9063|1|20190822|0 1|9064|2|151|0 1|9065|1|20190403|0 1|9066|1|20190415|0 1|9067|1|20190518|0 1|9068|1|20191007|0 1|9069|2|131|0 1|9070|1|20190403|0 1|9071|1|20190416|0 1|9072|1|20190508|0 1|9073|1|20190811|0 1|9074|2|158|0 0|9075|2|0|239 0|9076|2|0|117 0|9077|2|9|10 0|9078|2|0|205 0|9079|2|1|12
fmp 9695|0 9697|0 9688|0 9681|0 9686|0 9750|0 9740|0 9691|0 9735|0 9745|0
gcon 538316|1|0
gexp 415726|1719283 394409|792367 538316|17126 327663|169799 712452|82822 371984|382324 654329|912116 539788|246370 819684|114529 818429|559961 1040204|51678 352013|40552 732416|6675 193646|104922 520463|97315 805830|256318 72604|559098 57801|7708 638887|79032 62675|70253 60587|24686 668911|41797 158360|7872 557883|19495 710684|60881 256869|139001 546721|195687 751316|4040 365274|320087 123477|43195 495873|165652 239929|22075 807224|196146 92504|60241 462697|5500 409316|117767 583627|26568 593294|26892 597291|46555 892068|2000 723457|11073 416400|14758 105493|271432 691979|166757 52295|162785 433058|3366 758029|10941 818167|12273 806020|213968 660591|96386 1090443|299887 201818|80547 1380|50800 568160|25231 620230|48737 173626|80190 563233|20610 476043|65000 806166|26164 628176|22039 284237|30059 427154|44429 673691|8646 585529|15483 400770|57301 829343|75133 1049723|800 576169|6600 737565|4300 728314|21348 431562|6737 731333|7816 614945|27730 591747|18587 640457|28543 320657|2900 1049026|62103 559954|45645 730749|1233 541837|3000 777909|97348 1099020|5724 466183|32599 704336|52413 737845|48941 551950|25200 670667|75907 315486|1000 456755|7556 410152|19584 822387|38600 742191|0 796786|300 896356|300 838076|500 840311|0 411877|0
fs 2
mv 3 15018 40 78 10
mv 3 15016 64 48 10
mv 3 15012 144 55 8
mv 3 14999 49 50 8
mv 3 14998 160 51 10
mv 3 14990 61 55 10
mv 3 14974 73 70 8
mv 3 14973 63 83 8
mv 3 14968 53 48 8
p_clear
sc_p 8 158 172073 12 1000 148 2 0 132 232 70 2 70 0 50 89 50 89 51 1 80 -30 40 10 751 751 402 402 0 2457 0 Ardilla^fumigadora 0
sc_p 27 448 172072 1 1000 0 0 0 42 45 32 14 90 0 48 41 37 41 23 0 5 10 2 15 156 156 10 10 0 15 0 Hada^graslin 0
sc_p 14 156 172071 23 1000 4900 0 0 170 224 162 4 70 0 88 166 93 166 73 3 70 70 70 70 2346 2346 363 363 0 25680 0 Ardilla^marrón 0
sc_p 29 176 172070 1 1000 0 0 0 30 38 30 4 70 0 17 34 19 34 17 2 0 0 0 0 121 121 60 60 0 15 0 Ardilla^Santa 0
sc_p 0 535 172069 24 1000 24840 2 0 136 202 70 14 75 0 86 159 94 159 85 2 -10 8 5 4 865 865 382 382 0 29430 0 Muñeco^de^Nieve 0
sc_p 10 803 172068 2 1000 5 0 0 35 67 35 10 100 0 20 39 22 39 19 3 70 50 70 50 499 499 65 65 0 42 0 Chick^Norris 0
sc_p 18 824 172067 1 1000 0 0 0 70 138 30 6 100 0 27 34 29 34 32 2 4 22 6 6 321 321 60 60 0 15 0 Jelly^saltarín^jove 0
sc_p 2 567 172066 1 1000 0 1 0 41 48 44 10 150 0 18 31 17 31 13 2 5 5 5 5 168 168 24 24 0 15 0 Hada^oval 0
sc_n 3 2618 172065 94 1000 226485876 990.5.4 997.6.4 -1 -1 0 0 0 4 819 899 617 12 200 4 599 571 473 571 334 2 5 5 5 5 26570 30570 3503 3503 0 291503800 Ragnar 2703 1 4818.100 1292.5 1293.6 1294.7
sc_p 16 801 172064 2 1000 35 0 0 46 51 37 14 90 0 50 46 40 46 25 3 5 2 10 15 175 175 15 15 0 42 0 Chicky^saltador 0
sc_p 3 2701 172063 94 1000 62984 1 0 562 720 748 8 200 0 313 564 327 564 243 1 10 0 10 10 20838 20838 2040 2040 0 72875950 1 Mecanigato 0
sc_p 17 752 172062 1 1000 0 0 0 40 63 34 2 60 0 25 34 24 34 22 1 55 35 40 40 450 450 60 60 0 15 0 Ardilla^toro 0
sc_p 19 840 172061 1 1000 0 0 0 55 88 40 5 70 0 42 35 54 35 27 2 1 5 3 2 341 341 60 60 0 15 0 Leo,^el^Cobarde 0
sc_p 7 2119 172060 14 1000 168 0 0 143 213 108 10 70 0 70 109 65 109 57 3 20 50 70 40 1361 1361 240 240 0 3720 0 Oveja^amarilla 0
sc_p 26 846 172059 1 1000 0 0 0 130 188 90 5 160 0 17 54 19 54 17 1 80 45 55 60 221 221 60 60 0 15 0 Teo^Terciopié 0
sc_p 11 2683 172058 91 1000 36268 1 0 615 782 814 4 70 0 298 601 334 601 294 3 60 70 80 60 21300 21300 10550 10550 0 55644450 1 Almirante^Ojo^de^Ág 1
sc_p 28 843 172057 1 1000 0 0 0 130 168 90 10 140 0 17 34 19 34 17 2 50 80 60 50 331 331 60 60 0 15 0 Ardilla^vikinga 0
sc_p 24 844 172056 1 1000 0 2 0 140 168 70 0 0 0 17 34 19 34 17 3 60 50 80 50 271 271 60 60 0 15 0 Ardilla^cowboy 0
sc_p 15 824 172055 1 1000 0 0 0 70 138 30 6 100 0 27 34 29 34 32 2 4 22 6 6 321 321 60 60 0 15 0 Jelly^saltarín^jove 0
sc_p 12 581 172054 1 1000 0 2 0 70 155 70 4 70 0 17 34 19 34 17 2 20 60 50 50 261 261 60 60 0 15 0 Ardilla^marinera 0
sc_p 25 614 172053 1 1000 0 2 0 71 157 70 2 70 0 17 34 19 34 17 1 80 50 50 60 221 221 60 60 0 15 0 Ardilla^de^unidad^e 0
sc_p 5 1384 172052 90 1000 7308 2 1 633 795 70 4 70 4 331 479 272 479 309 0 50 40 20 70 35480 35480 12147 12147 0 50142850 1 Ardilla^calabaza 0
sc_n 4 2641 172051 94 1000 1 -1 -1 -1 -1 0 0 1 0 214 214 428 0 0 0 88 214 107 214 88 3 0 0 0 0 16921 16921 8410 8410 0 291503800 Amora^sin^alas -1 0 -1 -1 -1 -1
sc_p 4 828 172050 93 1000 1059040 0 0 633 827 532 12 150 0 354 531 312 531 288 2 60 80 70 60 37936 37936 4582 4582 0 67009700 0 Kagome 0
sc_p 6 830 172049 15 1000 3955 0 0 117 154 104 4 70 2 67 113 65 113 55 3 40 40 40 40 1225 1225 195 195 0 5256 0 Rudi^Rabauke^joven 0
sc_p 20 2106 172048 6 1000 230 0 0 73 97 56 4 70 0 38 65 36 65 34 1 40 40 40 40 470 470 108 108 0 420 0 Pavesa 0
sc_p 1 664 172047 10 1000 91 0 0 97 132 82 10 150 0 43 117 47 117 38 1 50 50 50 50 706 706 128 128 0 1518 0 Conejo^entrañable 0
sc_p 23 824 172046 1 1000 0 0 0 70 138 30 6 100 0 27 34 29 34 32 2 4 22 6 6 321 321 60 60 0 15 0 Jelly^saltarín^jove 0
sc_p 21 3107 172045 93 1000 1 0 0 540 716 560 4 70 0 306 564 322 564 255 3 60 80 70 70 20638 20638 3503 3503 0 67009700 0 Picaña^dócil 0
sc_n 2 319 172044 94 1000 1 -1 997.5.2 -1 -1 0 0 0 0 242 242 140 0 0 2 594 573 456 573 367 0 5 5 5 5 34861 34861 10244 10244 0 291503800 Kliff 1102 1 -1 -1 -1 -1
sc_p 13 670 172043 95 181 31210465 2 0 660 830 70 4 70 6 372 592 337 592 389 2 60 80 70 60 34598 44836 26643 26643 1 78866350 1 Widersito 1
sc_n 1 2640 172042 94 1000 242950 991.7.5 996.2.4 -1 -1 0 0 1 5 871 931 921 13 200 4 320 772 396 772 375 1 0 0 0 0 15310 16510 10544 11944 1 291503800 Jennifer -1 1 4812.100 1318.2 1319.4 1320.7
sc_p 9 769 172041 1 1000 0 0 0 130 150 55 15 180 0 32 35 37 35 13 0 20 20 20 20 350 350 60 60 0 15 0 Ardilla^boxeadora 0
sc_n 0 2620 172040 94 1000 5780688 992.3.0 995.6.10 -1 -1 0 0 2 0 683 773 70 0 0 10 250 481 302 481 373 2 2 2 2 2 9401 13401 12447 17447 0 291503800 Erdimien 2704 1 4810.100 1315.4 1316.1 1317.6
mv 3 15028 137 37 10
mv 3 15021 63 57 10
mv 3 15017 27 26 10
mv 3 15013 152 41 8
mv 3 15002 29 57 8
mv 3 14976 98 52 12
mv 3 14975 99 42 8
inv 0 0.204.0.0.0.0 1.221.0.0.0.0 2.4441.0.0.0.0 3.4699.0.0.0.0 4.4260.0.0.0.0 5.4268.0.0.0.0 42.4982.8.7.0.7 43.4504.0.0.0.0 44.4933.0.5.0.0 45.4931.0.6.0.0 47.8026.0.0.0.0 48.317.0.5.0.0 49.380.0.5.0.0 50.709.0.6.0.0 51.4956.7.7.0.0 52.4503.0.0.0.0 53.4950.7.0.0.0 54.321.0.5.0.0 55.388.0.5.0.0 56.4132.0.0.0.0 57.4131.0.0.0.0 58.275.0.0.0.0 59.4950.7.7.0.0
inv 1 0.5743.1 1.5319.1 2.5714.1 3.5332.1 4.5152.1 5.5836.1 6.1247.14 7.5195.3 8.1015.38 9.1242.45 10.1004.43 11.1016.72 12.5763.70 13.5862.20 14.5863.39 15.1429.93 16.1027.598 17.5911.6 18.1246.49 19.1211.3 20.5972.32 21.5977.1 22.1612.8 23.1078.177 24.5959.2 25.1615.33 26.5879.3 27.5769.1 29.5768.1 30.5785.2 31.5784.2 32.5786.3 33.5854.12 34.1013.193 35.1025.5 36.5755.19 37.1012.548 38.5806.1 39.1010.4 40.1248.5 41.5770.1 42.5853.83 43.1144.14 44.5855.18 45.5215.13 46.1249.7 47.1026.7 48.1285.3 49.1286.49 50.1092.20 51.5119.2 52.1014.27 53.5970.17 54.1900.13 55.1246.998 56.1247.999 57.1241.4 58.1009.8 59.1007.39 60.1617.41 61.1616.56 62.1614.15 63.1611.14 64.1618.24 65.1620.27 66.5821.2 67.1095.2 68.1619.26 69.1613.15 70.5216.13 71.1296.8 72.1093.3 73.5722.1 74.1235.1 75.5881.1 76.5880.1 77.5858.1
inv 2 0.2072.371 1.2070.368 2.2071.512 3.2522.1 4.2523.120 5.2206.42 6.2285.397 7.2029.272 8.2283.35 9.2284.32 10.2308.660 11.2296.371 12.2363.3 13.2077.34 14.2348.2 15.2402.2 16.2472.6 17.2027.97 18.2414.10 19.2398.2 20.2329.105 21.2512.426 22.2361.9 23.2406.49 24.2170.2 25.2365.3 26.2408.82 27.2282.55 28.2028.67 29.2467.7 30.2511.67 31.2327.63 32.2205.2 33.2307.26 34.10048.17 35.2098.9 36.2430.3 37.2018.1 38.2407.9 39.2411.52 40.2027.445 41.2097.270 42.2410.206 43.2451.17 44.2384.1 45.2459.47 46.2465.5 47.2423.5 48.2475.1 49.2027.477 50.2466.37 51.2366.86 52.2511.999 53.2460.108 54.2326.716 55.2196.4 56.2415.25 57.2416.41 58.2417.243 59.2089.490 60.2513.409 61.2329.999 62.2517.3 63.2521.1 64.2519.3 65.2799.15 66.2516.2 67.2515.3 68.2462.1 69.2127.163 70.2027.999 71.2027.999 72.2027.999 73.2027.999 74.2089.999 75.2329.999 76.2089.999 77.2077.999 78.2173.2 79.2207.4 80.2099.1 81.2100.3 82.2129.3 83.2209.3 84.2311.29 85.2212.3 86.2102.3 87.2211.2 88.2101.3 89.2210.1 90.2816.18 91.2803.3 92.2818.1 93.2811.42 94.2208.6 95.2805.21 96.2819.10 97.2814.16 98.2474.1 99.2520.3
inv 3 0.3205.1 1.3216.1 2.3165.1 3.3114.1 4.3113.1 5.3113.1 6.3113.1 7.3005.1 8.3113.1 9.3000.1 10.3113.1 11.3056.1 12.3056.1 13.3059.1 14.3113.1 15.3193.1 16.3070.1 17.3070.1 18.3231.1 19.3114.1 20.3213.1 21.3218.1 22.3230.1 23.3191.1 24.3199.1 25.3114.1 26.3206.1 27.3196.1 28.3168.1 29.3156.1 30.3182.1 31.3212.1 32.3163.1 33.3203.1 34.3223.1 35.3221.1 36.3200.1 37.3157.1 38.3222.1 39.3230.1 40.3186.1 41.3140.1 42.3185.1 43.3174.1 44.3162.1 45.3181.1 46.3183.1 47.3149.1 48.3168.1 49.3137.1
mlobjlst 0.0.0.0.2.2.0.100.0.0 1.1.2.5.0.0.0.100.0.0 2.0.0.0.0.0.0.100.0.0 3.1.26.15.0.0.0.100.0.0 4.0.0.0.3.0.0.100.0.0 5.1.16.2.3.0.0.100.0.0 6.1.8.2.3.0.0.100.0.0 7.0.0.0.4.2.0.100.0.0 8.1.11.2.3.0.0.100.0.0 9.1.24.6.8.3.0.100.0.0 10.1.2.15.3.0.0.100.0.0 11.1.6.2.0.0.0.100.0.0 12.1.14.2.0.0.0.100.0.0 13.1.6.14.0.0.0.100.0.0 14.1.2.2.3.0.0.100.0.0 15.0.0.0.0.0.0.100.0.0 16.1.24.9.0.0.0.100.0.0 17.1.30.9.0.0.0.100.0.0 18.0.0.0.0.0.0.100.0.0 19.0.0.0.0.0.0.100.0.0 20.0.0.0.0.0.0.100.0.0 21.0.0.0.2.0.0.100.0.0 22.0.0.0.3.0.0.100.0.0 23.0.0.0.2.0.0.100.0.0 24.0.0.0.0.0.0.100.0.0 25.0.0.0.0.0.0.100.0.0 26.1.21.14.2.2.0.100.0.0 27.1.27.9.0.0.0.100.0.0 28.0.0.0.0.0.0.100.0.0 29.0.0.0.2.1.0.100.0.0 30.0.0.0.0.0.0.100.0.0 31.1.2.9.0.0.0.100.0.0 32.0.0.0.0.0.0.100.0.0 33.1.32.14.2.2.0.100.0.0 34.1.31.3.4.2.0.100.0.0 35.0.0.0.0.0.0.100.0.0 36.0.0.0.0.0.0.100.0.0 37.1.18.5.0.0.0.100.0.0 38.0.0.0.0.0.0.100.0.0 39.0.0.0.3.0.0.100.0.0 40.0.0.0.2.1.0.100.0.0 41.0.0.0.0.0.0.100.0.0 42.0.0.0.3.2.0.100.0.0 43.0.0.0.0.0.0.100.0.0 44.0.0.0.0.0.0.100.0.0 45.0.0.0.0.0.0.100.0.0 46.0.0.0.0.0.0.100.0.0 47.0.0.0.0.0.0.100.0.0 48.0.0.0.0.0.0.100.0.0 49.0.0.0.4.2.0.100.0.0
inv 6 0.900.0.13.0 1.905.0.10.33 2.906.0.9.45 3.906.0.0.0 4.907.0.13.0 5.908.0.0.0 6.913.0.10.42 7.914.0.14.63 8.4099.0.13.0 9.4326.0.0.0 10.4326.0.0.0 11.4487.0.0.0 12.4487.0.12.25 13.4487.0.0.0 14.4488.0.0.0 15.4488.0.0.0 16.4488.0.0.0 17.4488.0.0.0 18.4488.0.0.0 19.4488.0.0.0 20.4489.0.0.0 21.4489.0.0.0 22.4489.0.0.0 23.4489.0.0.0 24.4489.0.0.0 25.4491.0.0.0 26.4492.0.0.0 27.4499.0.11.68 28.4502.0.0.0 29.4502.0.0.0 30.4502.0.0.0 31.4802.0.0.0 32.4802.0.0.0 33.4805.0.0.0 34.4805.0.0.0 35.4806.0.0.0 36.4809.0.0.0 37.4810.0.0.0 38.4812.0.0.0 39.4812.0.0.0 40.4813.0.0.0 41.4819.0.0.0 42.8245.0.0.0
inv 7 0.189.0.0.0 1.454.0.0.0 2.454.0.0.0 3.456.0.0.0 4.492.0.0.0 5.976.0.0.0 6.976.0.0.0 7.977.0.0.0 8.982.0.0.0 9.982.0.0.0 10.986.0.168.0 11.986.0.168.0 12.4068.0.0.0 13.4075.0.0.0 14.4075.0.0.0 15.4076.0.0.0 16.4143.0.0.0 17.4147.0.0.0 18.4169.0.0.0 19.4169.0.0.0 20.4179.0.0.0 21.4195.0.0.0 22.4196.0.0.0 23.4242.0.0.0 24.4250.0.168.0 25.4250.0.168.0 26.4254.0.168.0 27.4258.0.0.0 28.4266.0.0.0 29.4367.0.0.0 30.4382.0.0.0 31.8053.0.0.0 32.8054.0.0.0 33.8055.0.0.0 34.8073.0.0.0 35.8074.0.0.0 36.8081.0.0.0 37.8088.0.0.0 38.8088.0.0.0 39.8100.0.0.0 40.8122.0.0.0 41.8122.0.0.0 42.8133.0.0.0 43.8137.0.0.0 44.8138.0.0.0 45.8165.0.0.0 46.8165.0.0.0 47.8165.0.0.0 48.8166.0.0.0 49.8188.0.0.0 50.8188.0.0.0 51.8205.0.0.0 52.8205.0.0.0 53.8207.0.24.0 54.8210.0.0.0 55.8352.0.720.0 56.8362.0.0.0
gold 17387291 0
qslot 0 0.1.0 0.2.31 0.-1.-1 1.1.13 1.1.12 1.1.15 1.3.12 1.1.10 1.3.11 0.-1.-1 1.1.2 1.1.3 1.1.5 1.1.7 1.1.17 1.1.14 1.1.39 1.1.38 1.1.11 0.1.119 0.-1.-1 0.1.119 0.1.119 0.1.119 0.1.119 0.1.28 0.1.119 0.0.53 0.0.59 1.1.41
qslot 1 0.1.1 0.1.119 0.1.119 7.7.-1 7.7.-1 7.7.-1 7.7.-1 7.7.-1 7.7.-1 7.7.-1 1.1.8 1.1.1 7.7.-1 7.7.-1 7.7.-1 7.7.-1 7.7.-1 7.7.-1 7.7.-1 7.7.-1 7.7.-1 7.7.-1 7.7.-1 7.7.-1 7.7.-1 7.7.-1 7.7.-1 7.7.-1 7.7.-1 7.7.-1
pst 2 172042 0 92 88 15310 10544 0 0 0
pst 2 172043 1 77 100 34598 26643 0 0 0
p_clear
sc_p 8 158 172073 12 1000 148 2 0 132 232 70 2 70 0 50 89 50 89 51 1 80 -30 40 10 751 751 402 402 0 2457 0 Ardilla^fumigadora 0
sc_p 27 448 172072 1 1000 0 0 0 42 45 32 14 90 0 48 41 37 41 23 0 5 10 2 15 156 156 10 10 0 15 0 Hada^graslin 0
sc_p 14 156 172071 23 1000 4900 0 0 170 224 162 4 70 0 88 166 93 166 73 3 70 70 70 70 2346 2346 363 363 0 25680 0 Ardilla^marrón 0
sc_p 29 176 172070 1 1000 0 0 0 30 38 30 4 70 0 17 34 19 34 17 2 0 0 0 0 121 121 60 60 0 15 0 Ardilla^Santa 0
sc_p 0 535 172069 24 1000 24840 2 0 136 202 70 14 75 0 86 159 94 159 85 2 -10 8 5 4 865 865 382 382 0 29430 0 Muñeco^de^Nieve 0
sc_p 10 803 172068 2 1000 5 0 0 35 67 35 10 100 0 20 39 22 39 19 3 70 50 70 50 499 499 65 65 0 42 0 Chick^Norris 0
sc_p 18 824 172067 1 1000 0 0 0 70 138 30 6 100 0 27 34 29 34 32 2 4 22 6 6 321 321 60 60 0 15 0 Jelly^saltarín^jove 0
sc_p 2 567 172066 1 1000 0 1 0 41 48 44 10 150 0 18 31 17 31 13 2 5 5 5 5 168 168 24 24 0 15 0 Hada^oval 0
sc_n 3 2618 172065 94 1000 226485876 990.5.4 997.6.4 -1 -1 0 0 0 4 819 899 617 12 200 4 599 571 473 571 334 2 5 5 5 5 26570 30570 3503 3503 0 291503800 Ragnar 2703 1 4818.100 1292.5 1293.6 1294.7
sc_p 16 801 172064 2 1000 35 0 0 46 51 37 14 90 0 50 46 40 46 25 3 5 2 10 15 175 175 15 15 0 42 0 Chicky^saltador 0
sc_p 3 2701 172063 94 1000 62984 1 0 562 720 748 8 200 0 313 564 327 564 243 1 10 0 10 10 20838 20838 2040 2040 0 72875950 1 Mecanigato 0
sc_p 17 752 172062 1 1000 0 0 0 40 63 34 2 60 0 25 34 24 34 22 1 55 35 40 40 450 450 60 60 0 15 0 Ardilla^toro 0
sc_p 19 840 172061 1 1000 0 0 0 55 88 40 5 70 0 42 35 54 35 27 2 1 5 3 2 341 341 60 60 0 15 0 Leo,^el^Cobarde 0
sc_p 7 2119 172060 14 1000 168 0 0 143 213 108 10 70 0 70 109 65 109 57 3 20 50 70 40 1361 1361 240 240 0 3720 0 Oveja^amarilla 0
sc_p 26 846 172059 1 1000 0 0 0 130 188 90 5 160 0 17 54 19 54 17 1 80 45 55 60 221 221 60 60 0 15 0 Teo^Terciopié 0
sc_p 11 2683 172058 91 1000 36268 1 0 615 782 814 4 70 0 298 601 334 601 294 3 60 70 80 60 21300 21300 10550 10550 0 55644450 1 Almirante^Ojo^de^Ág 1
sc_p 28 843 172057 1 1000 0 0 0 130 168 90 10 140 0 17 34 19 34 17 2 50 80 60 50 331 331 60 60 0 15 0 Ardilla^vikinga 0
sc_p 24 844 172056 1 1000 0 2 0 140 168 70 0 0 0 17 34 19 34 17 3 60 50 80 50 271 271 60 60 0 15 0 Ardilla^cowboy 0
sc_p 15 824 172055 1 1000 0 0 0 70 138 30 6 100 0 27 34 29 34 32 2 4 22 6 6 321 321 60 60 0 15 0 Jelly^saltarín^jove 0
sc_p 12 581 172054 1 1000 0 2 0 70 155 70 4 70 0 17 34 19 34 17 2 20 60 50 50 261 261 60 60 0 15 0 Ardilla^marinera 0
sc_p 25 614 172053 1 1000 0 2 0 71 157 70 2 70 0 17 34 19 34 17 1 80 50 50 60 221 221 60 60 0 15 0 Ardilla^de^unidad^e 0
sc_p 5 1384 172052 90 1000 7308 2 1 633 795 70 4 70 4 331 479 272 479 309 0 50 40 20 70 35480 35480 12147 12147 0 50142850 1 Ardilla^calabaza 0
sc_n 4 2641 172051 94 1000 1 -1 -1 -1 -1 0 0 1 0 214 214 428 0 0 0 88 214 107 214 88 3 0 0 0 0 16921 16921 8410 8410 0 291503800 Amora^sin^alas -1 0 -1 -1 -1 -1
sc_p 4 828 172050 93 1000 1059040 0 0 633 827 532 12 150 0 354 531 312 531 288 2 60 80 70 60 37936 37936 4582 4582 0 67009700 0 Kagome 0
sc_p 6 830 172049 15 1000 3955 0 0 117 154 104 4 70 2 67 113 65 113 55 3 40 40 40 40 1225 1225 195 195 0 5256 0 Rudi^Rabauke^joven 0
sc_p 20 2106 172048 6 1000 230 0 0 73 97 56 4 70 0 38 65 36 65 34 1 40 40 40 40 470 470 108 108 0 420 0 Pavesa 0
sc_p 1 664 172047 10 1000 91 0 0 97 132 82 10 150 0 43 117 47 117 38 1 50 50 50 50 706 706 128 128 0 1518 0 Conejo^entrañable 0
sc_p 23 824 172046 1 1000 0 0 0 70 138 30 6 100 0 27 34 29 34 32 2 4 22 6 6 321 321 60 60 0 15 0 Jelly^saltarín^jove 0
sc_p 21 3107 172045 93 1000 1 0 0 540 716 560 4 70 0 306 564 322 564 255 3 60 80 70 70 20638 20638 3503 3503 0 67009700 0 Picaña^dócil 0
sc_n 2 319 172044 94 1000 1 -1 997.5.2 -1 -1 0 0 0 0 242 242 140 0 0 2 594 573 456 573 367 0 5 5 5 5 34861 34861 10244 10244 0 291503800 Kliff 1102 1 -1 -1 -1 -1
sc_p 13 670 172043 95 181 31210465 2 0 660 830 70 4 70 6 372 592 337 592 389 2 60 80 70 60 34598 44836 26643 26643 1 78866350 1 Widersito 1
sc_n 1 2640 172042 94 1000 242950 991.7.5 996.2.4 -1 -1 0 0 1 5 871 931 921 13 200 4 320 772 396 772 375 1 0 0 0 0 15310 16510 10544 11944 1 291503800 Jennifer -1 1 4812.100 1318.2 1319.4 1320.7
sc_p 9 769 172041 1 1000 0 0 0 130 150 55 15 180 0 32 35 37 35 13 0 20 20 20 20 350 350 60 60 0 15 0 Ardilla^boxeadora 0
sc_n 0 2620 172040 94 1000 5780688 992.3.0 995.6.10 -1 -1 0 0 2 0 683 773 70 0 0 10 250 481 302 481 373 2 2 2 2 2 9401 13401 12447 17447 0 291503800 Erdimien 2704 1 4810.100 1315.4 1316.1 1317.6
mv 3 15027 125 25 10
mv 3 14997 156 38 10
mv 3 14995 138 52 10
mv 3 15024 95 34 10
mv 3 15008 108 38 8
mv 3 15007 104 28 8
mv 3 15003 69 48 8
mv 3 15000 21 24 8
mv 3 14994 115 18 10
mv 3 14987 45 65 10
mv 3 14979 132 49 8
bf 1 538316 0.374.3000 95
eff_t 2 172043 1 538316 4766
mv 3 15022 76 60 10
mv 3 15019 44 48 10
mv 3 15010 133 44 8
mv 3 14993 106 35 10
mv 3 14985 21 49 10
mv 3 14984 16 30 10
mv 3 14980 133 33 8
mv 3 14972 54 78 8
mv 3 15020 53 72 10
mv 3 15018 42 77 10
mv 3 14999 44 51 8
mv 3 14998 162 50 10
mv 3 14990 62 54 10
mv 3 14982 151 54 8
mv 3 14981 147 34 8
mv 3 14968 52 46 8
mv 3 15013 151 43 8
mv 3 15009 118 52 8
mv 3 15004 57 90 8
mv 3 14976 95 55 12
gp 120 2 2634 -1 0 0
gp 177 58 2628 -1 1 0
gp 67 97 2635 -1 2 0
gp 1 40 2631 -1 3 0
in 3 3019 15029 150 49 2 100 100 0 0 0 -1 1 0 -1 - 2 -1 0 0 0 0 0 0 0 0
in 3 3019 15028 137 37 2 100 100 0 0 0 -1 1 0 -1 - 2 -1 0 0 0 0 0 0 0 0
in 3 3019 15027 125 25 2 100 100 0 0 0 -1 1 0 -1 - 2 -1 0 0 0 0 0 0 0 0
in 3 3019 15026 112 46 2 100 100 0 0 0 -1 1 0 -1 - 2 -1 0 0 0 0 0 0 0 0
in 3 3019 15025 104 60 2 100 100 0 0 0 -1 1 0 -1 - 2 -1 0 0 0 0 0 0 0 0
in 3 3019 15024 95 34 2 100 100 0 0 0 -1 1 0 -1 - 2 -1 0 0 0 0 0 0 0 0
in 3 3019 15023 74 85 2 100 100 0 0 0 -1 1 0 -1 - 2 -1 0 0 0 0 0 0 0 0
in 3 3019 15022 76 60 2 100 100 0 0 0 -1 1 0 -1 - 2 -1 0 0 0 0 0 0 0 0
in 3 3019 15021 63 57 2 100 100 0 0 0 -1 1 0 -1 - 2 -1 0 0 0 0 0 0 0 0
in 3 3019 15020 53 72 2 100 100 0 0 0 -1 1 0 -1 - 2 -1 0 0 0 0 0 0 0 0
in 3 3019 15019 44 48 2 100 100 0 0 0 -1 1 0 -1 - 2 -1 0 0 0 0 0 0 0 0
in 3 3019 15018 42 77 2 100 100 0 0 0 -1 1 0 -1 - 2 -1 0 0 0 0 0 0 0 0
in 3 3019 15017 27 26 2 100 100 0 0 0 -1 1 0 -1 - 2 -1 0 0 0 0 0 0 0 0
in 3 3019 15016 64 48 2 100 100 0 0 0 -1 1 0 -1 - 2 -1 0 0 0 0 0 0 0 0
in 3 3019 15015 19 58 2 100 100 0 0 0 -1 1 0 -1 - 2 -1 0 0 0 0 0 0 0 0
in 3 3004 15014 158 43 2 100 100 0 0 0 -1 1 0 -1 - 2 -1 0 0 0 0 0 0 0 0
in 3 3004 15013 151 43 2 100 100 0 0 0 -1 1 0 -1 - 2 -1 0 0 0 0 0 0 0 0
in 3 3004 15012 144 55 2 100 100 0 0 0 -1 1 0 -1 - 2 -1 0 0 0 0 0 0 0 0
in 3 3004 15011 140 31 2 100 100 0 0 0 -1 1 0 -1 - 2 -1 0 0 0 0 0 0 0 0
in 3 3004 15010 133 44 2 100 100 0 0 0 -1 1 0 -1 - 2 -1 0 0 0 0 0 0 0 0
in 3 3004 15009 118 52 2 100 100 0 0 0 -1 1 0 -1 - 2 -1 0 0 0 0 0 0 0 0
in 3 3004 15008 108 38 2 100 100 0 0 0 -1 1 0 -1 - 2 -1 0 0 0 0 0 0 0 0
in 3 3004 15007 104 28 2 100 100 0 0 0 -1 1 0 -1 - 2 -1 0 0 0 0 0 0 0 0
in 3 3004 15006 87 41 2 100 100 0 0 0 -1 1 0 -1 - 2 -1 0 0 0 0 0 0 0 0
in 3 3004 15005 65 69 2 100 100 0 0 0 -1 1 0 -1 - 2 -1 0 0 0 0 0 0 0 0
in 3 3004 15004 57 90 2 100 100 0 0 0 -1 1 0 -1 - 2 -1 0 0 0 0 0 0 0 0
in 3 3004 15003 69 48 2 100 100 0 0 0 -1 1 0 -1 - 2 -1 0 0 0 0 0 0 0 0
in 3 3004 15002 29 57 2 100 100 0 0 0 -1 1 0 -1 - 2 -1 0 0 0 0 0 0 0 0
in 3 3004 15001 50 44 2 100 100 0 0 0 -1 1 0 -1 - 2 -1 0 0 0 0 0 0 0 0
in 3 3004 15000 21 24 2 96 100 0 0 0 -1 1 0 -1 - 2 -1 0 0 0 0 0 0 0 0
in 3 3004 14999 44 51 2 100 100 0 0 0 -1 1 0 -1 - 2 -1 0 0 0 0 0 0 0 0
in 3 3003 14998 162 50 2 100 100 0 0 0 -1 1 0 -1 - 2 -1 0 0 0 0 0 0 0 0
in 3 3003 14997 156 38 2 100 100 0 0 0 -1 1 0 -1 - 2 -1 0 0 0 0 0 0 0 0
in 3 3003 14996 139 39 2 50 100 0 0 0 -1 1 0 -1 - 2 -1 0 0 0 0 0 0 0 0
in 3 3003 14995 138 52 2 100 100 0 0 0 -1 1 0 -1 - 2 -1 0 0 0 0 0 0 0 0
in 3 3003 14994 115 18 2 100 100 0 0 0 -1 1 0 -1 - 2 -1 0 0 0 0 0 0 0 0
in 3 3003 14993 106 35 2 100 100 0 0 0 -1 1 0 -1 - 2 -1 0 0 0 0 0 0 0 0
in 3 3003 14992 104 48 2 100 100 0 0 0 -1 1 0 -1 - 2 -1 0 0 0 0 0 0 0 0
in 3 3003 14991 72 83 2 100 100 0 0 0 -1 1 0 -1 - 2 -1 0 0 0 0 0 0 0 0
in 3 3003 14990 62 54 2 100 100 0 0 0 -1 1 0 -1 - 2 -1 0 0 0 0 0 0 0 0
in 3 3003 14989 58 74 2 100 100 0 0 0 -1 1 0 -1 - 2 -1 0 0 0 0 0 0 0 0
in 3 3003 14988 48 80 2 100 100 0 0 0 -1 1 0 -1 - 2 -1 0 0 0 0 0 0 0 0
in 3 3003 14987 45 65 2 100 100 0 0 0 -1 1 0 -1 - 2 -1 0 0 0 0 0 0 0 0
in 3 3003 14986 34 44 2 100 100 0 0 0 -1 1 0 -1 - 2 -1 0 0 0 0 0 0 0 0
in 3 3003 14985 21 49 2 100 100 0 0 0 -1 1 0 -1 - 2 -1 0 0 0 0 0 0 0 0
in 3 3003 14984 16 30 2 100 100 0 0 0 -1 1 0 -1 - 2 -1 0 0 0 0 0 0 0 0
in 3 3003 14983 15 39 2 100 100 0 0 0 -1 1 0 -1 - 2 -1 0 0 0 0 0 0 0 0
in 3 3002 14982 151 54 2 100 100 0 0 0 -1 1 0 -1 - 2 -1 0 0 0 0 0 0 0 0
in 3 3002 14981 147 34 2 100 100 0 0 0 -1 1 0 -1 - 2 -1 0 0 0 0 0 0 0 0
in 3 3002 14980 133 33 2 100 100 0 0 0 -1 1 0 -1 - 2 -1 0 0 0 0 0 0 0 0
in 3 3002 14979 132 49 2 100 100 0 0 0 -1 1 0 -1 - 2 -1 0 0 0 0 0 0 0 0
in 3 3002 14978 115 39 2 100 100 0 0 0 -1 1 0 -1 - 2 -1 0 0 0 0 0 0 0 0
in 3 3002 14977 113 24 2 100 100 0 0 0 -1 1 0 -1 - 2 -1 0 0 0 0 0 0 0 0
in 3 3002 14976 95 55 2 100 100 0 0 0 -1 1 0 -1 - 2 -1 0 0 0 0 0 0 0 0
in 3 3002 14975 99 42 2 100 100 0 0 0 -1 1 0 -1 - 2 -1 0 0 0 0 0 0 0 0
in 3 3002 14974 73 70 2 100 100 0 0 0 -1 1 0 -1 - 2 -1 0 0 0 0 0 0 0 0
in 3 3002 14973 63 83 2 100 100 0 0 0 -1 1 0 -1 - 2 -1 0 0 0 0 0 0 0 0
in 3 3002 14972 54 78 2 100 100 0 0 0 -1 1 0 -1 - 2 -1 0 0 0 0 0 0 0 0
in 3 3002 14971 53 57 2 100 100 0 0 0 -1 1 0 -1 - 2 -1 0 0 0 0 0 0 0 0
in 3 3002 14970 42 52 2 100 100 0 0 0 -1 1 0 -1 - 2 -1 0 0 0 0 0 0 0 0
in 3 3002 14969 38 39 2 100 100 0 0 0 -1 1 0 -1 - 2 -1 0 0 0 0 0 0 0 0
in 3 3002 14968 52 46 2 100 100 0 0 0 -1 1 0 -1 - 2 -1 0 0 0 0 0 0 0 0
in 2 3071 15056 177 54 3 100 100 11026 0 0 -1 1 0 -1 - 2 -1 0 0 0 0 0 0 0 0
in 2 3051 15055 166 44 2 100 100 1 0 0 -1 1 0 -1 - 2 -1 0 0 0 0 0 0 0 0
in 2 3051 15054 163 62 2 100 100 1 0 0 -1 1 0 -1 - 2 -1 0 0 0 0 0 0 0 0
in 2 3051 15053 154 33 2 100 100 1 0 0 -1 1 0 -1 - 2 -1 0 0 0 0 0 0 0 0
in 2 3051 15052 146 61 2 100 100 1 0 0 -1 1 0 -1 - 2 -1 0 0 0 0 0 0 0 0
in 2 3051 15051 133 29 2 100 100 1 0 0 -1 1 0 -1 - 2 -1 0 0 0 0 0 0 0 0
in 2 3051 15050 128 13 2 100 100 1 0 0 -1 1 0 -1 - 2 -1 0 0 0 0 0 0 0 0
in 2 3051 15049 121 38 2 100 100 1 0 0 -1 1 0 -1 - 2 -1 0 0 0 0 0 0 0 0
in 2 3051 15048 119 27 2 100 100 1 0 0 -1 1 0 -1 - 2 -1 0 0 0 0 0 0 0 0
in 2 3051 15047 118 51 2 100 100 1 0 0 -1 1 0 -1 - 2 -1 0 0 0 0 0 0 0 0
in 2 3051 15046 114 67 2 100 100 1 0 0 -1 1 0 -1 - 2 -1 0 0 0 0 0 0 0 0
in 2 3051 15045 104 22 2 100 100 1 0 0 -1 1 0 -1 - 2 -1 0 0 0 0 0 0 0 0
in 2 3051 15044 99 60 2 100 100 1 0 0 -1 1 0 -1 - 2 -1 0 0 0 0 0 0 0 0
in 2 3051 15043 92 32 2 100 100 1 0 0 -1 1 0 -1 - 2 -1 0 0 0 0 0 0 0 0
in 2 3051 15042 90 47 2 100 100 1 0 0 -1 1 0 -1 - 2 -1 0 0 0 0 0 0 0 0
in 2 3051 15041 87 80 2 100 100 1 0 0 -1 1 0 -1 - 2 -1 0 0 0 0 0 0 0 0
in 2 3051 15040 81 70 2 100 100 1 0 0 -1 1 0 -1 - 2 -1 0 0 0 0 0 0 0 0
in 2 3051 15039 72 88 2 100 100 1 0 0 -1 1 0 -1 - 2 -1 0 0 0 0 0 0 0 0
in 2 3051 15038 70 58 2 100 100 1 0 0 -1 1 0 -1 - 2 -1 0 0 0 0 0 0 0 0
in 2 3051 15037 50 66 2 100 100 1 0 0 -1 1 0 -1 - 2 -1 0 0 0 0 0 0 0 0
in 2 3051 15036 50 50 2 100 100 1 0 0 -1 1 0 -1 - 2 -1 0 0 0 0 0 0 0 0
in 2 3051 15035 46 84 2 100 100 1 0 0 -1 1 0 -1 - 2 -1 0 0 0 0 0 0 0 0
in 2 3051 15034 36 67 2 100 100 1 0 0 -1 1 0 -1 - 2 -1 0 0 0 0 0 0 0 0
in 2 3051 15033 21 30 2 100 100 1 0 0 -1 1 0 -1 - 2 -1 0 0 0 0 0 0 0 0
in 2 3051 15032 16 55 2 100 100 1 0 0 -1 1 0 -1 - 2 -1 0 0 0 0 0 0 0 0
in 2 3051 15031 13 31 2 100 100 1 0 0 -1 1 0 -1 - 2 -1 0 0 0 0 0 0 0 0
in 2 3047 15030 177 61 3 100 100 0 0 0 -1 1 0 -1 - 2 -1 0 0 0 0 0 0 0 0
pst 2 172042 0 92 88 15310 10544 0 0 0
pst 2 172043 1 77 100 34598 26643 0 0 0
mv 3 15023 73 87 10
mv 3 14997 154 37 10
mv 3 14996 140 39 10
mv 3 14995 140 50 10
mv 3 14989 58 73 10
mv 3 14988 48 82 10
mv 3 14971 53 58 8
mv 3 14970 40 51 8
mv 3 15024 97 32 10
mv 3 15007 102 26 8
mv 3 14994 117 19 10
mv 3 14979 133 49 8
stat 21301 22260 24467 24467 0 75040
mv 3 15029 150 47 10
mv 3 15022 74 59 10
mv 3 15019 46 48 10
mv 3 15014 159 43 8
mv 3 15011 141 32 8
mv 3 15010 131 46 8
mv 3 14992 106 46 10
mv 3 14991 74 83 10
mv 3 14980 134 34 8
mv 3 14977 115 25 8
mv 3 14972 55 76 8
mv 3 15018 43 76 10
mv 3 15012 146 57 8
mv 3 14999 41 49 8
mv 3 14990 62 52 10
mv 3 14981 147 36 8
mv 3 14968 49 45 8
mv 3 15021 63 59 10
mv 3 15017 26 24 10
mv 3 15013 150 41 8
mv 3 15009 118 53 8
mv 3 15004 59 89 8
mv 3 15002 28 56 8
ct 3 14976 2 172043 -1 -1 746
mv 3 14975 98 43 8
pst 2 172042 0 93 88 15394 10544 0 0 0
pst 2 172043 1 77 100 34682 26643 0 0 0
mv 3 15023 73 85 10
mv 3 15015 18 57 10
mv 3 14997 153 35 10
mv 3 14996 141 38 10
mv 3 14995 138 49 10
mv 3 14989 57 73 10
su 3 14976 2 172043 746 60 11 4806 0 0 1 69 3367 0 0
mv 3 14971 52 58 8
mv 3 14970 40 52 8
mv 3 14969 36 38 8
suctl 2633 1 172043 3 14976
mv 3 15008 108 37 8
mv 3 15003 68 48 8
mv 3 14994 116 20 10
mv 3 14987 44 67 10
mv 3 14979 132 49 8
mv 3 14978 117 39 8
eff 2 172043 5005
mv 3 15014 160 42 8
mv 3 14992 104 48 10
mv 3 14991 73 84 10
mv 3 14985 20 51 10
mv 3 14977 114 25 8
mv 3 15020 55 71 10
mv 3 14999 37 49 8
mv 3 14998 161 51 10
mv 3 14990 61 52 10
mv 3 14982 149 55 8
ct 2 172043 3 14976 -1 -1 0
mv 3 15028 136 35 10
mv 3 15017 27 23 10
mv 3 15013 148 42 8
mv 3 15005 65 70 8
mv 3 15004 58 90 8
mv 3 15002 27 57 8
mv 3 15001 45 42 8
mv 3 14975 99 41 8
su 2 172043 3 14976 0 10 11 4398 0 0 1 99 1 0 0
pst 2 172042 0 93 88 15394 10544 0 0 0
pst 2 172043 1 69 100 31315 26643 0 0 0
mv 3 15026 113 45 10
mv 3 15023 74 86 10
mv 3 15015 20 56 10
mv 3 14996 139 39 10
mv 3 14995 140 50 10
mv 3 14989 58 74 10
mv 3 14988 47 81 10
mv 3 14971 53 59 8
mv 3 14969 37 38 8
suctl 2633 1 172043 3 14976
mv 3 15025 105 61 10
mv 3 15008 110 36 8
mv 3 15007 104 25 8
mv 3 15003 67 48 8
mv 3 15000 19 23 8
mv 3 14987 45 67 10
mv 3 14979 131 47 8
mv 3 14978 116 38 8
walk 91 57 1 12
ptctl 2633 1 172043 91 58 172043 12
mv 3 15029 150 49 10
mv 3 15022 75 60 10
mv 3 15019 44 46 10
mv 3 15014 159 43 8
mv 3 14993 107 36 10
mv 3 14992 106 50 10
mv 3 14991 73 85 10
mv 3 14985 22 51 10
mv 3 14984 17 30 10
eff 2 172043 5005
mv 3 15020 53 71 10
mv 3 15012 147 58 8
mv 3 14999 32 50 8
mv 3 14998 159 52 10
mv 3 14982 147 56 8
mv 3 14981 148 35 8
mv 3 14974 75 71 8
mv 3 14973 64 82 8
cond 1 538316 0 0 12
cond 1 538316 0 0 12
mv 3 15013 149 40 8
mv 3 15005 67 69 8
mv 3 15002 29 59 8
mv 3 14975 100 40 8
ct 2 172043 3 14976 -1 -1 0
pst 2 172042 0 93 88 15394 10544 0 0 0
pst 2 172043 1 69 100 31315 26643 0 0 0
cond 2 172043 0 0 12
glist 0 0
mv 3 15026 114 45 10
mv 3 15015 19 57 10
mv 3 14997 154 36 10
mv 3 14996 140 38 10
mv 3 14989 56 73 10
mv 3 14988 49 82 10
mv 3 14971 55 58 8
mv 3 14970 42 52 8
mv 3 14969 35 40 8
su 2 172043 3 14976 0 10 11 4398 0 0 1 99 1 0 0
mv 3 15025 106 62 10
mv 3 15008 109 35 8
mv 3 14994 115 18 10
eff 2 172043 3007
mv 3 15029 150 47 10
mv 3 15022 74 59 10
mv 3 15014 161 44 8
mv 3 15011 140 30 8
mv 3 14993 108 35 10
mv 3 14992 105 48 10
mv 3 14991 74 86 10
mv 3 14985 21 52 10
mv 3 14983 15 37 10
mv 3 14980 133 33 8
mv 3 14977 113 24 8
mv 3 14972 56 77 8
gexp 415726|1719283 394409|792367 538316|17126 327663|169799 712452|82822 371984|382324 654329|912116 539788|246370 819684|114529 818429|559961 1040204|51678 352013|40552 732416|6675 193646|104922 520463|97315 805830|256318 72604|559098 57801|7708 638887|79032 62675|70253 60587|24686 668911|41797 158360|7872 557883|19495 710684|60881 256869|139001 546721|195687 751316|4040 365274|320087 123477|43195 495873|165652 239929|22075 807224|196146 92504|60241 462697|5500 409316|117767 583627|26568 593294|26892 597291|46555 892068|2000 723457|11073 416400|14758 105493|271432 691979|166757 52295|162785 433058|3366 758029|10941 818167|12273 806020|213968 660591|96386 1090443|299887 201818|80547 1380|50800 568160|25231 620230|48737 173626|80190 563233|20610 476043|65000 806166|26164 628176|22039 284237|30059 427154|44429 673691|8646 585529|15483 400770|57301 829343|75133 1049723|800 576169|6600 737565|4300 728314|21348 431562|6737 731333|7816 614945|27730 591747|18587 640457|28543 320657|2900 1049026|62103 559954|45645 730749|1233 541837|3000 777909|97348 1099020|5724 466183|32599 704336|52413 737845|48941 551950|25200 670667|75907 315486|1000 456755|7556 410152|19584 822387|38600 742191|0 796786|300 896356|300 838076|500 840311|0 411877|0
mv 3 15020 54 69 10
mv 3 15012 146 56 8
mv 3 14999 30 49 8
mv 3 14998 161 50 10
mv 3 14990 60 53 10
mv 3 14981 149 34 8
mv 3 14974 74 72 8
mv 3 14973 63 82 8
mv 3 14968 46 44 8
mv 3 15028 136 33 10
mv 3 15021 64 60 10
mv 3 15017 25 24 10
mv 3 15013 151 40 8
mv 3 15005 65 70 8
mv 3 15004 56 90 8
mv 3 14976 91 57 12
pst 2 172042 0 93 88 15394 10544 0 0 0
pst 2 172043 1 69 100 31315 26643 0 0 0
mv 3 15023 74 88 10
mv 3 14997 155 37 10
mv 3 14996 142 40 10
mv 3 14986 34 42 10
mv 3 14969 37 39 8
mv 3 15025 104 60 10
mv 3 15024 95 31 10
mv 3 15000 21 24 8
mv 3 14994 115 19 10
mv 3 14987 45 66 10
mv 3 14979 132 47 8
mv 3 15029 150 46 10
mv 3 15022 75 60 10
mv 3 15014 160 42 8
mv 3 15011 138 31 8
mv 3 14991 73 84 10
mv 3 14983 16 37 10
mv 3 14980 133 32 8
mv 3 14977 113 23 8
mv 3 15018 42 76 10
mv 3 15012 145 54 8
mv 3 14999 28 50 8
mv 3 14998 162 49 10
mv 3 14990 61 54 10
mv 3 14974 76 70 8
mv 3 14968 41 46 8
mv 3 15028 134 34 10
mv 3 15013 150 41 8
mv 3 15005 66 69 8
mv 3 15004 55 88 8
ct 3 14976 1 538316 -1 -1 0
su 3 14976 1 538316 0 11 11 0 0 0 1 90 1167 3 0
stat 20134 22260 24467 24467 0 75040
bf 1 538316 0.450.100 99
mv 3 14975 101 42 8
pst 2 172042 0 93 88 15394 10544 0 0 0
pst 2 172043 1 69 100 31315 26643 0 0 0
mv 3 15027 126 23 10
mv 3 15026 113 43 10
mv 3 15023 76 89 10
mv 3 15015 21 57 10
mv 3 14997 157 39 10
mv 3 14996 142 39 10
mv 3 14995 140 52 10
mv 3 14989 57 72 10
mv 3 14988 48 80 10
mv 3 14986 34 43 10
mv 3 15025 106 61 10
mv 3 15024 95 32 10
mv 3 15008 109 37 8
mv 3 15007 103 26 8
mv 3 15000 22 25 8
mv 3 14994 115 18 10
mv 3 14987 46 67 10
mv 3 15022 74 61 10
mv 3 15011 139 31 8
mv 3 14993 108 33 10
mv 3 14992 106 49 10
mv 3 14985 20 53 10
mv 3 14984 16 31 10
mv 3 14980 132 33 8
mv 3 15020 55 70 10
mv 3 15018 43 78 10
mv 3 14999 26 48 8
mv 3 14974 75 69 8
mv 3 14973 65 84 8
mv 3 15028 136 36 10
mv 3 15017 26 26 10
mv 3 15013 151 42 8
mv 3 15005 66 71 8
mv 3 15004 57 86 8
mv 3 15002 30 58 8
mv 3 15001 40 41 8
mv 3 14975 100 43 8
pst 2 172042 0 93 88 15394 10544 0 0 0
pst 2 172043 1 69 100 31315 26643 0 0 0
mv 3 15027 128 25 10
mv 3 15026 114 43 10
mv 3 15023 76 87 10
mv 3 15015 21 58 10
mv 3 14997 155 37 10
mv 3 14995 139 50 10
mv 3 14986 35 41 10
mv 3 14971 53 57 8
mv 3 14970 42 53 8
mv 3 15025 105 60 10
mv 3 15008 110 35 8
mv 3 15007 103 25 8
mv 3 14994 115 20 10
mv 3 14987 44 68 10
mv 3 14978 115 37 8
rc 1 538316 990 0
stat 21124 22260 24467 24467 0 75040
stat 21124 22260 24467 24467 0 75040
ncif 3 15025
mv 3 15019 42 47 10
mv 3 15011 141 30 8
mv 3 14992 104 48 10
mv 3 14985 19 52 10
mv 3 14984 18 32 10
mv 3 14983 17 37 10
mv 3 14977 113 22 8
mv 3 14972 56 76 8
mv 3 15012 145 56 8
mv 3 14999 24 49 8
mv 3 14998 160 50 10
mv 3 14990 60 54 10
mv 3 14981 150 35 8
st 3 15025 92 0 100 100 99330 2467
mv 3 15028 136 34 10
mv 3 15021 63 60 10
mv 3 15017 24 24 10
mv 3 15013 149 44 8
mv 3 15004 55 88 8
mv 3 15002 28 59 8
mv 3 15001 36 38 8
pst 2 172042 0 93 88 15394 10544 0 0 0
pst 2 172043 1 69 100 31315 26643 0 0 0
mv 3 15027 126 25 10
mv 3 15026 112 44 10
mv 3 15023 75 85 10
mv 3 14997 155 35 10
mv 3 14996 141 40 10
mv 3 14971 53 58 8
mv 3 14970 40 55 8
mv 3 14969 36 39 8
mv 3 15008 109 37 8
mv 3 15000 23 27 8
mv 3 14994 116 18 10
ct 3 14976 1 538316 -1 -1 0
su 3 14976 1 538316 0 11 11 0 0 0 1 91 825 0 0
stat 20299 22260 24467 24467 0 75040
ncif 3 15025
mv 3 15022 76 61 10
mv 3 15019 44 45 10
mv 3 15014 160 43 8
mv 3 15011 142 31 8
mv 3 15010 132 45 8
mv 3 14993 107 34 10
mv 3 14985 18 52 10
mv 3 14983 16 36 10
mv 3 14980 132 34 8
mv 3 15020 54 71 10
mv 3 14998 159 50 10
mv 3 14982 148 54 8
mv 3 14981 149 35 8
st 3 15025 92 0 100 100 99330 2467
mv 3 15028 138 35 10
mv 3 15013 149 42 8
mv 3 14975 100 42 8
pst 2 172042 0 93 88 15394 10544 0 0 0
pst 2 172043 1 69 100 31315 26643 0 0 0
mv 3 15027 127 26 10
mv 3 15026 111 46 10
mv 3 15015 19 56 10
mv 3 14995 137 52 10
mv 3 14988 47 80 10
mv 3 14986 36 41 10
mv 3 14969 35 40 8
walk 89 57 0 12
mv 3 15025 104 58 10
mv 3 15008 108 35 8
mv 3 15007 102 25 8
mv 3 14994 116 19 10
mv 3 14987 43 69 10
mv 3 14979 133 48 8
sc_p 13 670 172043 95 180 31210465 2 0 660 830 70 4 70 6 372 592 337 592 389 2 60 80 70 60 31315 44836 26643 26643 1 78866350 1 Widersito 1
eff 2 172043 3007
rc 1 538316 990 0
stat 21289 22260 24467 24467 0 75040
stat 21289 22260 24467 24467 0 75040
mv 3 15029 148 47 10
mv 3 15022 77 62 10
mv 3 15019 45 47 10
mv 3 15014 160 42 8
mv 3 14992 105 47 10
mv 3 14980 133 33 8
mv 3 14977 115 23 8
mv 3 14972 54 77 8
ncif 3 15025
mv 3 15012 145 57 8
mv 3 14990 61 53 10
cond 1 538316 0 0 12
cond 1 538316 0 0 12
mv 3 15005 67 71 8
mv 3 14975 100 40 8
pst 2 172042 0 93 88 15394 10544 0 0 0
pst 2 172043 1 69 100 31315 26643 0 0 0
st 3 15025 92 0 100 100 99330 2467
mv 3 15027 126 25 10
mv 3 15026 112 45 10
mv 3 15023 75 86 10
mv 3 14996 142 40 10
mv 3 14989 58 70 10
mv 3 14971 54 59 8
mv 3 14970 42 53 8
mv 3 14969 36 40 8
mv 3 15024 93 32 10
mv 3 15007 104 24 8
mv 3 15000 22 25 8
mv 3 14994 115 20 10
mv 3 14987 44 67 10
mv 3 14979 134 46 8
ncif 3 15025
mv 3 15019 44 46 10
mv 3 15014 159 43 8
mv 3 15010 131 43 8
mv 3 14993 109 35 10
mv 3 14992 105 46 10
mv 3 14991 73 85 10
mv 3 14985 19 51 10
mv 3 14983 14 37 10
mv 3 14977 113 24 8
mv 3 15020 55 69 10
mv 3 14999 20 48 8
mv 3 14990 62 54 10
ct 3 14976 2 172042 -1 -1 0
su 3 14976 2 172042 0 11 11 0 0 0 1 82 1791 0 0
mv 3 14973 64 83 8
mv 3 14968 39 44 8
mv 3 15028 137 34 10
mv 3 15017 25 25 10
mv 3 15013 148 44 8
mv 3 15009 118 52 8
mv 3 15005 65 73 8
mv 3 15002 29 58 8
mv 3 15001 33 34 8
pst 2 172042 0 82 88 13603 10544 0 0 0
pst 2 172043 1 69 100 31315 26643 0 0 0
st 3 15025 92 0 100 100 99330 2467
mv 3 15023 76 85 10
mv 3 15015 21 57 10
mv 3 14996 140 41 10
mv 3 14989 58 71 10
mv 3 14988 45 78 10
mv 3 14986 36 42 10
mv 3 14971 53 59 8
mv 3 14970 41 52 8
mv 3 14969 35 40 8
mv 3 15025 105 60 10
mv 3 15008 106 35 8
mv 3 14994 117 18 10
mv 3 14979 135 45 8
mv 3 14978 116 37 8
rc 1 538316 971 0
stat 22260 22260 24467 24467 0 75040
stat 22260 22260 24467 24467 0 75040
ncif 3 15025
mv 3 15014 157 42 8
mv 3 15011 140 31 8
mv 3 15010 131 44 8
mv 3 14993 108 36 10
mv 3 14992 106 47 10
mv 3 14991 73 86 10
mv 3 14984 16 33 10
mv 3 14983 13 39 10
mv 3 14977 112 25 8
mv 3 15020 54 68 10
mv 3 15018 44 76 10
mv 3 14982 147 55 8
mv 3 14981 148 34 8
mv 3 14973 65 81 8
mv 3 15021 64 58 10
mv 3 15009 117 54 8
mv 3 15004 56 89 8
mv 3 15001 31 32 8
mv 3 14975 98 42 8
pst 2 172042 0 82 88 13603 10544 0 0 0
pst 2 172043 1 69 100 31315 26643 0 0 0
st 3 15025 92 0 100 100 99330 2467
ncif 3 14992
mv 3 15027 124 27 10
mv 3 15023 76 86 10
mv 3 15015 19 58 10
mv 3 14995 139 51 10
mv 3 14989 58 70 10
mv 3 14986 35 44 10
mv 3 14969 37 39 8
mv 3 15024 94 33 10
mv 3 15008 106 37 8
mv 3 14994 116 19 10
mv 3 14978 114 37 8
mv 3 15019 45 46 10
mv 3 15011 141 33 8
mv 3 15010 130 43 8
mv 3 14983 14 38 10
st 3 14992 90 0 100 100 68770 2369
mv 3 15018 43 78 10
mv 3 14999 17 50 8
mv 3 14998 160 52 10
mv 3 14990 60 52 10
mv 3 14982 148 55 8
mv 3 14981 148 32 8
mv 3 14974 73 70 8
mv 3 14973 63 81 8
mv 3 14968 37 42 8
mv 3 15028 136 33 10
mv 3 15021 64 59 10
mv 3 15017 24 26 10
mv 3 15013 149 42 8
mv 3 15009 118 54 8
mv 3 15004 58 87 8
mv 3 15002 30 59 8
mv 3 14975 98 44 8
pst 2 172042 0 82 88 13603 10544 0 0 0
pst 2 172043 1 69 100 31315 26643 0 0 0
ncif 3 14992
mv 3 15027 126 27 10
mv 3 15026 113 46 10
mv 3 15023 75 87 10
mv 3 14997 156 36 10
mv 3 14995 138 51 10
mv 3 14989 57 72 10
mv 3 14986 36 43 10
mv 3 14971 51 59 8
mv 3 14970 42 54 8
mv 3 14969 35 40 8
st 3 14992 90 0 100 100 68770 2369
mv 3 15024 95 34 10
mv 3 15007 105 25 8
mv 3 14994 117 18 10
mv 3 14987 43 68 10
mv 3 14979 134 45 8
mv 3 14978 113 36 8
stat 22260 22260 24467 24467 0 75040
stat 22260 22260 24467 24467 0 75040
mv 3 15029 147 48 10
mv 3 15022 77 60 10
mv 3 15019 44 48 10
mv 3 15011 139 32 8
mv 3 14993 110 35 10
mv 3 14991 74 84 10
mv 3 14984 17 31 10
mv 3 14983 15 38 10
mv 3 14980 133 35 8
mv 3 14977 114 26 8
ct 3 14976 2 172042 -1 -1 0
su 3 14976 2 172042 0 11 11 0 0 0 1 72 1572 0 0
mv 3 14972 56 75 8
mv 3 15020 55 70 10
mv 3 15018 42 77 10
mv 3 14998 161 52 10
mv 3 14990 61 53 10
mv 3 14981 149 34 8
mv 3 14974 75 72 8
mv 3 14973 63 82 8
ncif 3 14992
mv 3 15028 138 34 10
mv 3 15021 63 60 10
mv 3 15009 120 52 8
mv 3 15005 66 73 8
mv 3 15004 59 86 8
mv 3 15001 30 32 8
pst 2 172042 0 72 88 12031 10544 0 0 0
pst 2 172043 1 69 100 31315 26643 0 0 0
mv 3 15026 115 44 10
mv 3 15023 73 87 10
mv 3 14988 45 79 10
mv 3 14986 36 42 10
mv 3 14971 53 58 8
mv 3 14970 44 52 8
mv 3 15024 97 32 10
mv 3 15008 107 38 8
mv 3 15007 103 27 8
mv 3 14994 116 18 10
eff 2 172043 3007
st 3 14992 90 0 100 100 68770 2369
mv 3 15014 158 41 8
mv 3 15011 139 30 8
mv 3 15010 132 45 8
mv 3 14992 106 48 10
mv 3 14991 73 83 10
mv 3 14977 112 26 8
mv 3 14972 56 77 8
mv 3 15018 40 77 10
mv 3 15012 144 56 8
mv 3 14999 15 51 8
mv 3 14998 161 51 10
mv 3 14990 60 54 10
mv 3 14982 150 55 8
mv 3 14974 74 73 8
mv 3 14973 62 82 8
mv 3 14968 34 44 8
ncif 3 14992
mv 3 15028 137 36 10
mv 3 15013 149 44 8
mv 3 15005 67 72 8
mv 3 15001 28 31 8
mv 3 14975 97 42 8
pst 2 172042 0 72 88 12031 10544 0 0 0
pst 2 172043 1 69 100 31315 26643 0 0 0
mv 3 15015 18 58 10
mv 3 14997 155 37 10
mv 3 14996 138 39 10
mv 3 14995 139 51 10
mv 3 14989 56 72 10
mv 3 14986 35 43 10
mv 3 14970 42 51 8
mv 3 14969 36 39 8
mv 3 15008 107 36 8
mv 3 15007 102 25 8
mv 3 15000 20 23 8
mv 3 14994 115 19 10
mv 3 14979 132 47 8
mv 3 14978 115 37 8
st 3 14992 90 0 100 100 68770 2369
stat 22260 22260 24467 24467 0 75040
stat 22260 22260 24467 24467 0 75040
mv 3 15022 76 58 10
mv 3 15019 42 46 10
mv 3 15014 160 40 8
mv 3 15010 131 44 8
mv 3 14991 71 84 10
mv 3 14985 20 49 10
mv 3 14983 13 36 10
mv 3 14980 135 36 8
mv 3 14972 58 76 8
ncif 3 14975
mv 3 15018 41 78 10
mv 3 15012 144 54 8
mv 3 14999 17 49 8
mv 3 14990 59 54 10
mv 3 14982 148 55 8
mv 3 14974 75 72 8
mv 3 14968 31 44 8
bf 1 538316 0.450.0 99
mv 3 15021 62 59 10
mv 3 15013 149 43 8
mv 3 15009 119 51 8
mv 3 15005 69 72 8
mv 3 15004 57 87 8
mv 3 15002 28 57 8
mv 3 14975 98 43 8
pst 2 172042 0 72 88 12031 10544 0 0 0
pst 2 172043 1 69 100 31315 26643 0 0 0
st 3 14975 95 0 100 100 110895 2619
ncif 3 14975
mv 3 15027 128 26 10
mv 3 15026 114 46 10
mv 3 15023 75 86 10
mv 3 14997 154 36 10
mv 3 14995 139 50 10
mv 3 14988 46 78 10
mv 3 14986 33 42 10
mv 3 14970 42 52 8
mv 3 14969 37 38 8
mv 3 15008 106 35 8
mv 3 15007 104 26 8
mv 3 15000 19 24 8
mv 3 14994 115 20 10
mv 3 14978 113 36 8
ct 3 14976 2 172042 -1 -1 746
st 3 14975 95 0 100 100 110895 2619
mv 3 15022 75 60 10
mv 3 15019 44 47 10
mv 3 14993 108 34 10
mv 3 14992 108 50 10
mv 3 14991 71 83 10
mv 3 14985 18 51 10
mv 3 14983 15 37 10
su 3 14976 2 172042 746 60 11 4806 0 0 1 51 3581 0 0
mv 3 15020 54 72 10
mv 3 15018 41 80 10
mv 3 14999 15 48 8
mv 3 14998 162 51 10
mv 3 14990 60 55 10
mv 3 14981 148 35 8
mv 3 14974 77 71 8
mv 3 14968 27 46 8
mv 3 15028 136 34 10
mv 3 15021 61 57 10
mv 3 15013 150 42 8
mv 3 15002 28 58 8
mv 3 14975 100 42 8
pst 2 172042 0 51 88 8450 10544 0 0 0
pst 2 172043 1 69 100 31315 26643 0 0 0
ncif 3 14975
mv 3 15027 126 25 10
mv 3 15026 115 45 10
mv 3 15023 75 85 10
mv 3 15015 20 57 10
mv 3 14996 139 38 10
mv 3 14989 56 71 10
mv 3 14971 51 58 8
mv 3 14969 37 37 8
mv 3 15025 104 62 10
mv 3 15024 96 30 10
mv 3 15008 107 36 8
mv 3 14994 115 19 10
mv 3 14979 134 47 8
mv 3 14978 114 37 8
st 3 14975 95 0 100 100 110895 2619
mv 3 15022 74 59 10
mv 3 15019 43 47 10
mv 3 14993 109 34 10
mv 3 14992 108 49 10
mv 3 14985 19 53 10
mv 3 14972 58 77 8
ncif 3 14976
mv 3 15018 41 79 10
mv 3 14999 17 49 8
mv 3 14990 60 54 10
mv 3 14973 64 83 8
mv 3 14968 26 44 8
mv 3 15028 135 33 10
mv 3 15021 62 57 10
mv 3 15009 120 50 8
mv 3 15005 69 70 8
mv 3 15002 27 57 8
mv 3 14975 98 41 8
pst 2 172042 0 51 88 8450 10544 0 0 0
pst 2 172043 1 69 100 31315 26643 0 0 0
mv 3 15027 126 23 10
mv 3 14988 47 80 10
st 3 14976 95 0 99 100 110893 2619 5.95
mv 3 15008 108 37 8
mv 3 14979 132 46 8
mv 3 15029 148 47 10
mv 3 15022 73 59 10
mv 3 14991 70 83 10
mv 3 14985 21 51 10
mv 3 14980 134 35 8
ncif 3 14992
mv 3 14998 160 51 10
mv 3 14974 77 72 8
mv 3 15028 135 34 10
mv 3 15021 61 59 10
mv 3 15013 151 41 8
mv 3 15009 119 51 8
mv 3 15004 56 87 8
mv 3 15001 30 32 8
mv 3 14975 100 41 8
pst 2 172042 0 51 88 8450 10544 0 0 0
pst 2 172043 1 69 100 31315 26643 0 0 0
st 3 14992 90 0 100 100 68770 2369
mv 3 15026 113 46 10
mv 3 15023 73 86 10
mv 3 15015 19 58 10
mv 3 14997 155 37 10
mv 3 14988 46 80 10
mv 3 14986 35 42 10
ct 3 14976 2 172042 -1 -1 0
su 3 14976 2 172042 0 11 11 0 0 0 1 28 3730 3 0
mv 3 14971 52 60 8
mv 3 14970 42 53 8
mv 3 14969 38 36 8
mv 3 15024 96 31 10
mv 3 15008 106 37 8
mv 3 15007 103 28 8
mv 3 15000 20 23 8
mv 3 14994 117 18 10
mv 3 14978 113 38 8
sc_p 13 670 172043 95 179 31210465 2 0 660 830 70 4 70 6 372 592 337 592 389 2 60 80 70 60 31315 44836 26643 26643 1 78866350 1 Widersito 1
eff 2 172043 3007
mv 3 15022 74 60 10
mv 3 15014 159 42 8
mv 3 15011 141 30 8
mv 3 15010 133 46 8
mv 3 14991 72 83 10
mv 3 14985 20 52 10
mv 3 15012 145 54 8
mv 3 14999 16 50 8
mv 3 14998 159 53 10
mv 3 14982 149 57 8
mv 3 14981 150 35 8
mv 3 14973 64 85 8
mv 3 14968 24 42 8
ncif 3 14992
mv 3 15021 63 58 10
mv 3 15017 25 26 10
mv 3 15005 68 69 8
mv 3 15004 57 89 8
mv 3 15001 29 32 8
mv 3 14975 98 42 8
pst 2 172042 0 28 88 4720 10544 0 0 0
pst 2 172043 1 69 100 31315 26643 0 0 0
mv 3 15027 126 25 10
mv 3 15026 113 45 10
mv 3 15015 18 57 10
mv 3 14996 140 39 10
mv 3 14995 138 49 10
mv 3 14970 41 54 8
mv 3 14969 39 36 8
st 3 14992 90 0 100 100 68770 2369
mv 3 15025 105 61 10
mv 3 15007 102 28 8
mv 3 15000 21 23 8
mv 3 14978 114 38 8
mv 3 15029 148 49 10
mv 3 15022 75 62 10
mv 3 15019 45 46 10
mv 3 15014 159 41 8
mv 3 15011 139 31 8
mv 3 15010 131 46 8
mv 3 14993 108 33 10
mv 3 14992 107 48 10
mv 3 14980 132 35 8
mv 3 14977 113 24 8
ncif 3 14992
mv 3 15020 54 70 10
mv 3 15012 146 56 8
mv 3 14999 17 51 8
mv 3 14998 158 52 10
mv 3 14990 62 52 10
mv 3 14982 149 55 8
mv 3 14974 76 73 8
mv 3 14968 23 43 8
mv 3 15017 27 25 10
mv 3 15013 150 40 8
mv 3 15009 119 52 8
mv 3 15005 68 70 8
pst 2 172042 0 28 88 4720 10544 0 0 0
pst 2 172043 1 69 100 31315 26643 0 0 0
mv 3 15026 115 46 10
mv 3 15023 75 86 10
mv 3 15015 19 56 10
mv 3 14996 139 38 10
mv 3 14989 58 73 10
mv 3 14986 33 42 10
mv 3 14971 53 61 8
mv 3 14970 42 53 8
st 3 14992 90 0 100 100 68770 2369
ncif 3 15025
mv 3 15025 105 59 10
mv 3 15024 95 33 10
mv 3 15008 107 35 8
mv 3 15007 103 27 8
mv 3 15000 22 24 8
mv 3 14978 113 38 8
mv 3 15029 150 47 10
mv 3 15022 73 61 10
mv 3 15019 44 47 10
mv 3 15011 138 30 8
mv 3 15010 133 45 8
mv 3 14993 107 33 10
mv 3 14980 134 35 8
ct 3 14976 2 172042 -1 -1 0
su 3 14976 2 172042 0 11 11 0 0 0 1 18 1667 0 0
mv 3 14972 57 77 8
st 3 15025 92 0 100 100 99330 2467
mv 3 14999 16 51 8
mv 3 14998 160 51 10
mv 3 14990 63 53 10
mv 3 14982 151 57 8
mv 3 14981 148 33 8
mv 3 14973 64 83 8
mv 3 14968 22 44 8
ncif 3 15025
mv 3 15021 65 58 10
mv 3 15017 26 27 10
mv 3 15004 58 88 8
mv 3 15002 27 58 8
mv 3 15001 27 30 8
mv 3 14975 98 44 8
pst 2 172042 0 18 88 3053 10544 0 0 0
pst 2 172043 1 69 100 31315 26643 0 0 0
mv 3 15027 127 25 10
mv 3 15026 114 47 10
mv 3 15015 20 58 10
mv 3 14997 155 36 10
mv 3 14996 138 39 10
mv 3 14995 138 50 10
mv 3 14971 51 59 8
mv 3 14969 38 36 8
st 3 15025 92 0 100 100 99330 2467
mv 3 15008 108 37 8
mv 3 15000 23 25 8
mv 3 14994 115 18 10
ncif 3 15009
mv 3 15014 158 40 8
mv 3 14993 109 34 10
mv 3 14991 70 84 10
mv 3 14984 18 32 10
mv 3 14983 17 39 10
mv 3 14980 132 33 8
mv 3 14977 113 22 8
mv 3 15018 40 80 10
mv 3 15012 144 56 8
mv 3 14998 159 52 10
mv 3 14981 149 32 8
mv 3 14974 75 71 8
mv 3 14973 65 81 8
st 3 15009 92 0 100 100 137930 13467
mv 3 15028 136 33 10
mv 3 15013 148 41 8
mv 3 15009 118 52 8
mv 3 15005 67 71 8
mv 3 15004 59 88 8
mv 3 14975 98 42 8
pst 2 172042 0 18 88 3053 10544 0 0 0
pst 2 172043 1 69 100 31315 26643 0 0 0
ncif 3 15009
mv 3 15027 126 23 10
mv 3 15023 77 86 10
mv 3 14997 153 38 10
mv 3 14988 47 79 10
mv 3 15025 105 60 10
mv 3 15024 96 31 10
mv 3 15007 104 27 8
mv 3 15000 21 26 8
mv 3 14994 115 19 10
mv 3 14979 131 47 8
mv 3 14978 113 37 8
st 3 15009 92 0 100 100 137930 13467
mv 3 15014 158 42 8
mv 3 15010 131 46 8
mv 3 14993 107 33 10
mv 3 14985 22 53 10
mv 3 14980 133 33 8
mv 3 14977 111 22 8
mv 3 14998 160 52 10
mv 3 14990 62 53 10
mv 3 14982 149 56 8
mv 3 14981 148 33 8
mv 3 14973 64 83 8
mv 3 15028 136 34 10
mv 3 15021 64 59 10
mv 3 15013 149 41 8
mv 3 15009 120 51 8
mv 3 15005 65 71 8
mv 3 15004 58 89 8
mv 3 15001 29 32 8
pst 2 172042 0 18 88 3053 10544 0 0 0
pst 2 172043 1 69 100 31315 26643 0 0 0
ncif 3 15009
mv 3 15027 127 25 10
mv 3 15026 113 45 10
mv 3 14996 140 39 10
mv 3 14988 46 81 10
mv 3 14971 52 61 8
mv 3 14969 37 37 8
mv 3 15025 107 58 10
mv 3 15008 106 38 8
mv 3 14979 132 47 8
mv 3 14978 115 36 8
eff 2 172043 3007
mv 3 15019 42 49 10
mv 3 15011 140 31 8
mv 3 14993 109 34 10
mv 3 14985 21 51 10
mv 3 14984 18 33 10
mv 3 14983 16 39 10
mv 3 14980 135 32 8
mv 3 14977 113 22 8
mv 3 14972 58 76 8
st 3 15009 92 0 100 100 137930 13467
mv 3 15020 55 72 10
mv 3 15018 42 78 10
mv 3 15012 145 57 8
mv 3 14999 17 50 8
mv 3 14998 161 51 10
mv 3 14990 61 53 10
mv 3 14982 147 56 8
mv 3 14974 76 69 8
mv 3 15021 63 59 10
mv 3 15009 118 52 8
mv 3 15001 28 31 8
pst 2 172042 0 18 88 3053 10544 0 0 0
pst 2 172043 1 69 100 31315 26643 0 0 0
ncif 3 15009
mv 3 15027 126 27 10
mv 3 15015 19 58 10
mv 3 14996 138 39 10
mv 3 14995 137 50 10
mv 3 14989 57 73 10
mv 3 14986 35 40 10
mv 3 14971 51 60 8
mv 3 14969 37 39 8
mv 3 15025 108 60 10
mv 3 15024 94 33 10
mv 3 15008 108 37 8
mv 3 15007 104 26 8
mv 3 15000 19 25 8
mv 3 14987 44 67 10
mv 3 14979 133 49 8
stat 22260 22260 24467 24467 0 75040
mv 3 15022 75 59 10
mv 3 15011 140 32 8
mv 3 15010 132 44 8
mv 3 14992 106 49 10
mv 3 14991 72 86 10
mv 3 14985 21 50 10
mv 3 14983 17 38 10
mv 3 14972 56 77 8
st 3 15009 92 0 100 100 137930 13467
mv 3 15012 145 55 8
mv 3 14999 17 49 8
mv 3 14998 160 51 10
mv 3 14990 62 54 10
mv 3 14981 149 34 8
mv 3 14974 77 71 8
mv 3 14973 63 82 8
mv 3 15021 63 58 10
mv 3 15017 26 25 10
mv 3 15013 150 41 8
mv 3 15005 67 72 8
mv 3 15004 57 88 8
mv 3 15002 27 56 8
ct 3 14976 2 172042 -1 -1 0
su 3 14976 2 172042 0 11 11 0 0 0 0 0 3850 3 0
ctl 2 172042 3
ivn 2 20.2329.104.0
pst 2 172042 0 1 88 0 10544 0 0 0
pst 2 172043 1 70 100 31399 26643 0 0 0
mv 3 15027 128 25 10
mv 3 15026 112 47 10
mv 3 14997 154 37 10
mv 3 14996 138 41 10
mv 3 14995 138 49 10
mv 3 14986 34 42 10
mv 3 14971 52 58 8
mv 3 14969 38 40 8
ncif 3 15009
mv 3 15024 93 32 10
mv 3 14994 117 20 10
mv 3 14987 45 66 10
mv 3 14979 131 47 8
mv 3 15022 73 60 10
mv 3 14993 110 34 10
mv 3 14992 105 47 10
mv 3 14985 21 51 10
mv 3 14984 20 31 10
mv 3 14977 115 24 8
mv 3 14972 58 77 8
st 3 15009 92 0 100 100 137930 13467
mv 3 15020 56 70 10
mv 3 15018 41 80 10
mv 3 14990 62 52 10
mv 3 14981 149 32 8
mv 3 14973 63 83 8
mv 3 14968 24 43 8
mv 3 15017 24 23 10
mv 3 15013 149 43 8
mv 3 15009 118 54 8
mv 3 15005 66 71 8
mv 3 15002 28 57 8
mv 3 14975 97 42 8
out 2 172042
in 2 2640 172042 90 56 2 50 100 0 0 3 538316 1 0 -1 Jennifer 1 1 0 0 0 0 0 0 0 0
cond 2 172042 0 0 11
pst 2 172042 0 50 100 8255 11944 0 0 0
pst 2 172043 1 70 100 31399 26643 0 0 0
ncif 3 15009
mv 3 15026 113 45 10
mv 3 15023 75 87 10
mv 3 15015 18 58 10
mv 3 14997 155 39 10
mv 3 14995 138 50 10
mv 3 14988 47 82 10
mv 3 14986 33 41 10
mv 3 14971 53 57 8
mv 3 14970 41 51 8
mv 3 14969 37 38 8
mv 3 15024 93 31 10
mv 3 15008 108 35 8
mv 3 15007 105 26 8
mv 3 15000 20 25 8
mv 3 14994 115 20 10
mv 3 14979 132 47 8
mv 3 14978 114 37 8
mv 3 15029 149 48 10
mv 3 15022 73 62 10
mv 3 15014 159 40 8
mv 3 15010 133 45 8
mv 3 14993 110 33 10
mv 3 14985 22 51 10
mv 3 14984 19 33 10
mv 3 14980 136 33 8
mv 3 14977 114 25 8
mv 3 14972 56 78 8
st 3 15009 92 0 100 100 137930 13467
mv 3 15018 42 79 10
mv 3 14982 149 57 8
mv 3 14981 147 34 8
mv 3 14973 64 84 8
mv 3 15028 134 35 10
mv 3 15021 61 57 10
mv 3 15017 23 25 10
mv 3 15013 148 42 8
mv 3 15001 27 32 8
mv 3 14975 98 43 8
pst 2 172042 0 50 100 8255 11944 0 0 0
pst 2 172043 1 70 100 31399 26643 0 0 0
mv 3 15027 126 27 10
mv 3 14988 48 81 10
mv 3 14986 34 43 10
mv 3 14971 52 57 8
mv 3 14970 43 52 8
ncif 3 15009
mv 3 15024 94 32 10
mv 3 15008 106 36 8
mv 3 15000 19 23 8
mv 3 14979 134 49 8
mv 3 14978 116 37 8
mv 3 15022 75 62 10
mv 3 15010 131 44 8
mv 3 14991 74 86 10
mv 3 14985 21 53 10
mv 3 14984 20 32 10
mv 3 14983 16 39 10
mv 3 14980 134 35 8
mv 3 14972 54 77 8
st 3 15009 92 0 100 100 137930 13467
mv 3 15018 43 80 10
mv 3 14998 160 53 10
mv 3 14982 150 57 8
mv 3 14981 148 32 8
ct 3 14976 2 172042 -1 -1 746
mv 3 14973 63 85 8
mv 3 14968 23 44 8
mv 3 15017 25 23 10
mv 3 15004 59 88 8
mv 3 15002 27 57 8
su 3 14976 2 172042 746 60 11 4806 0 0 1 29 3437 0 0
mv 3 14975 99 41 8
pst 2 172042 0 29 100 4818 11944 0 0 0
pst 2 172043 1 70 100 31399 26643 0 0 0
mv 3 15023 73 87 10
mv 3 15015 19 56 10
mv 3 14997 155 37 10
mv 3 14996 140 42 10
mv 3 14988 49 79 10
mv 3 14986 34 41 10
mv 3 14970 42 51 8
mv 3 14969 37 40 8
suctl 2633 1 172042 3 14976
ncif 3 15009
mv 3 15025 107 62 10
mv 3 15007 103 27 8
mv 3 15000 20 24 8
mv 3 14987 43 68 10
mv 3 14979 133 47 8
mv 3 14978 115 37 8
eff 2 172043 3007
mv 3 15022 76 61 10
mv 3 15019 44 48 10
mv 3 15014 157 41 8
mv 3 15010 133 43 8
mv 3 14993 108 33 10
mv 3 14991 73 86 10
mv 3 14984 20 31 10
mv 3 14983 15 39 10
mv 3 14980 134 34 8
mv 3 14977 113 24 8
eff 2 172042 5005
mv 3 15020 54 72 10
mv 3 15018 44 80 10
mv 3 15012 146 55 8
mv 3 14999 15 51 8
mv 3 14982 149 56 8
mv 3 14974 77 73 8
mv 3 14968 23 46 8
st 3 15009 92 0 100 100 137930 13467
mv 3 15028 135 33 10
mv 3 15021 63 57 10
mv 3 15013 150 43 8
mv 3 15009 116 53 8
mv 3 15001 28 30 8
ct 2 172042 3 14976 -1 -1 0
su 2 172042 3 14976 0 11 11 1034 0 0 1 99 1 0 0
pst 2 172042 0 29 100 4818 11944 0 0 0
pst 2 172043 1 70 100 31399 26643 0 0 0
mv 3 15027 125 26 10
mv 3 15026 112 47 10
mv 3 14997 155 36 10
mv 3 14996 142 41 10
mv 3 14989 58 72 10
mv 3 14988 49 81 10
mv 3 14971 52 58 8
mv 3 14970 43 52 8
ncif 3 15009
suctl 2633 1 172042 3 14976
mv 3 15008 107 37 8
mv 3 15007 102 26 8
mv 3 15000 22 25 8
mv 3 14987 43 66 10
mv 3 14993 109 35 10
mv 3 14991 71 85 10
mv 3 14985 19 53 10
mv 3 14983 15 38 10
mv 3 14977 112 25 8
mv 3 14972 55 76 8
mv 3 15020 53 70 10
mv 3 15018 42 78 10
mv 3 14999 15 52 8
st 3 15009 92 0 100 100 137930 13467
mv 3 15028 134 33 10
mv 3 15021 65 57 10
mv 3 15013 148 42 8
mv 3 15009 118 54 8
mv 3 15005 68 70 8
mv 3 15001 29 32 8
mv 3 14975 97 40 8
pst 2 172042 0 29 100 4818 11944 0 0 0
pst 2 172043 1 70 100 31399 26643 0 0 0
eff 2 172042 5005
ncif 3 15009
suctl 2633 1 172042 3 14976
